00741720
00741721
00741722
00741723
00741724
00741725
00741726
00741727
00741728
00741729
00741730
00741731
00741732
00741733
00741734
00741735
00741736
00741737
00741738
00741739
00742408
00742409
00742410
00742411
00742412
00742413
00742414
00742415
00742416
00742417
00742418
00742419
00742420
00742421
00742422
00742423
00742424
00742425
00742426
00742427
00742428
00742430
00743054
00743114
00743120
00743160
00743769
00743771
00743785
00743798
00743799
00743800
00743801
00743802
00743803
00743847
00743848
00743894
00743895
00744465
00744468
00744503
00744504
00744505
00744506
00744507
00744508
00744728
00745880
00745911
00745914
00746669
00746670
00746671
00746672
00746673
00746674
00746706
00746707
00746708
00746709
00746710
00746711
00746712
00746713
00746714
00746763
00746764
00746765
00747313
00747315
00747420
00747471
00747473
00747474
00747475
00747524
00747525
00747526
00747617
00747618
00747619
00747620
00747655
00747656
00747660
00747661
00748062
00748072
00748110
00748825
00748857
00748858
00748863
00748864
00748865
00748866
00748867
00748869
00748889
00748890
00748891
00748893
00748896
00748908
00748928
00748975
00748976
00748977
00749016
00749017
00749018
00749578
00749617
00749633
00749634
00749635
00749637
00749638
00749639
00749640
00749641
00749642
00749659
00749660
00749661
00749662
00749664
00749665
00749666
00749669
00749670
00749671
00749672
00749673
00749674
00749675
00749676
00749695
00749696
00749697
00749698
00749703
00749704
00749705
00749707
00749730
00749731
00749742
00749743
00749748
00750197
00750198
00750199
00750200
00750231
00750232
00750233
00750234
00750251
00750252
00750253
00750300
00750301
00750331
00750332
00750336
00750359
00750360
00750362
00751628
00751681
00751682
00751751
00751753
00751754
00751755
00751756
00751758
00751777
00751782
00751783
00751784
00751785
00751786
00751787
00751790
00751791
00751792
00751793
00751794
00751795
00751837
00751838
00751840
00751841
00751842
00751843
00751844
00751845
00751847
00751849
00751850
00751851
00751852
00751853
00751854
00751855
00751865
00751983
00752008
00752009
00752010
00752012
00752013
00752031
00752032
00752033
00752043
00752044
00752045
00752046
00752146
00752153
00752157
00752158
00752159
00752160
00752161
00752162
00752163
00752164
00752165
00752166
00752167
00752182
00752183
00752185
00752186
00752187
00752188
00752189
00752190
00752191
00752206
00752207
00752208
00752209
00752210
00752218
00752219
00752221
00752222
00752718
00752722
00752723
00752782
00752783
00752784
00752785
00752786
00752787
00752788
00752789
00752790
00752791
00752792
00752793
00752796
00752958
00752959
00752960
00752961
00752975
00752976
00752977
00752978
00752979
00752980
00752982
00752983
00752984
00752985
00752986
00752998
00752999
00753001
00753002
00753003
00753005
00753006
00753007
00753008
00753020
00753021
00753022
00753023
00753024
00753025
00753026
00753028
00753029
00753438
00753572
00753573
00753574
00753575
00753576
00753577
00753578
00753579
00753580
00753581
00753582
00753583
00753584
00753585
00753586
00753587
00753588
00753589
00753601
00753602
00753603
00753604
00753605
00753606
00753607
00753608
00753610
00753611
00753612
00753613
00753621
00755142
00755151
00755153
00755154
00755155
00755159
00755160
00755161
00755162
00755163
00755164
00755168
00755187
00755188
00755192
00755193
00755194
00755205
00755206
00755207
00755208
00755209
00755229
00755246
00755247
00755637
00755805
00755806
00755807
00755808
00755809
00755810
00755811
00756344
00757855
00759434
00759479
00759480
00759481
00759484
00759485
00759522
00759523
00759524
00759528
00759529
00759546
00759547
00759586
00759587
00759588
00760232
00760234
00760235
00760245
00760246
00760247
00760248
00760249
00760252
00760253
00760254
00760255
00760256
00760257
00760258
00760259
00760267
00760268
00760270
00760281
00760282
00760283
00760284
00760285
00760289
00760290
00760291
00760292
00760293
00760294
00760295
00760296
00761755
00761787
00761789
00761796
00761797
00761813
00761814
00761816
00761842
00761845
00761846
00761848
00764507
00764518
00765259
00765272
00765436
00765437
00765438
00765439
00765440
00765441
00765489
00765490
00765491
00765492
00765493
00765494
00766968
00766969
00766970
00766971
00766972
00766973
00766974
00766975
00767009
00767010
00767011
00767012
00767013
00767014
00767015
00767016
00767017
00767768
00767769
00767770
00767822
00767823
00767824
00767874
00768401
00768436
00768437
00768439
00768440
00768495
00768496
00769161
00769162
00769164
00769165
00769207
00769209
00769210
00769211
00769212
00769213
00769214
00769215
00769216
00769217
00769218
00769332
00769333
00769343
00769345
00769346
00769347
00769348
00769363
00769370
00769372
00769373
00769374
00769375
00769376
00769377
00769378
00769379
00769382
00769383
00769384
00769409
00769410
00769411
00769412
00769416
00769431
00769434
00769468
00769470
00769473
00769474
00769475
00769476
00769987
00769988
00770031
00770034
00770035
00770036
00770037
00770079
00770081
00770112
00771622
00771623
00771625
00771627
00771628
00771629
00771630
00771631
00771632
00771633
00771636
00771637
00771638
00771639
00771661
00771666
00771668
00771670
00771672
00771673
00771674
00771675
00771679
00771680
00771692
00771693
00771694
00771695
00772396
00772423
00772424
00772425
00772492
00772493
00772495
00772496
00774144
00774146
00774909
00774910
00774911
00774912
00774941
00774942
00774943
00774944
00774945
00774946
00775577
00775614
00775656
00776402
00776404
00776408
00776409
00776410
00776434
00776438
00776439
00776440
00776441
00776442
00776443
00778047
00778064
00778065
00778236
00778246
00778285
00778286
00778287
00778844
00778854
00778855
00778859
00779670
00780449
00780450
00780461
00780462
00780478
00780487
00780488
00780497
00781309
00781339
00781360
00781361
00781362
00781363
00781364
00781365
00781366
00781385
00781386
00781387
00781388
00781389
00781391
00781405
00781407
00781408
00781414
00781415
00781417
00781418
00781419
00781420
00781421
00781422
00781423
00781424
00781425
00781453
00781454
00781457
00781458
00781459
00781460
00781461
00782176
00782177
00782183
00782184
00782185
00782186
00782187
00782188
00782190
00782192
00782193
00782194
00782195
00782196
00782197
00782198
00782199
00782200
00782201
00783747
00783748
00783749
00783768
00783770
00783771
00783775
00784613
00784700
00784701
00784702
00784703
00784704
00784747
00784748
00784749
00784750
00784751
00784753
00785448
00785449
00785450
00785458
00785475
00785476
00785478
00785513
00786208
00786209
00786210
00787923
00787957
00787958
00787959
00787960
00787961
00787962
00788001
00788002
00788003
00788004
00788005
00788006
00788007
00788008
00788034
00788035
00788037
00788038
00788067
00788068
00788069
00788122
00788728
00788762
00788765
00788766
00788768
00788771
00788777
00788796
00788800
00788801
00788802
00788803
00788804
00788805
00788806
00788807
00788808
00788830
00788831
00788832
00788833
00788835
00788840
00788841
00788842
00788843
00788844
00788845
00788846
00788851
00788852
00788853
00788854
00788855
00788856
00788857
00788858
00788859
00788860
00788861
00788862
00788863
00788866
00788867
00788868
00788870
00788886
00788887
00788888
00788889
00788890
00788891
00788892
00788893
00788894
00788895
00788899
00788900
00788921
00791341
00791345
00791357
00791361
00791368
00792242
00792324
00792767
00792777
00792778
00792808
00792809
00792810
00792811
00792812
00792813
00792814
00792815
00792816
00792817
00792818
00792820
00792821
00792824
00792924
00796365
00796370
00796371
00796372
00796373
00796374
00796397
00796398
00796399
00796400
00796418
00796419
00796420
00796421
00796422
00796423
00797311
00797319
00797320
00797321
00797322
00797323
00797324
00797325
00797326
00797363
00797364
00797365
00797366
00799044
00799045
00799046
00799047
00799054
00799059
00799065
00799068
00799079
00800827
00802649
00806350
00806352
00806358
00806385
00806386
00806387
00807271
00807301
00808205
00808220
00808248
00808249
00808250
00808278
00808279
00809075
00809092
00809100
00809104
00809112
00809113
00812821
00812824
00812828
00813811
00813812
00814663
00814664
00814665
00814666
00814667
00814668
00814670
00817535
00817538
00817561
00817610
00819432
00819433
00819470
00819471
00819474
00819477
00872172
00873209
00873210
00873211
00873213
00873214
00873247
00873254
00873256
00873257
00876962
00876978
00876981
00877991
00877992
00877993
00877997
00877998
00878094
00879049
00879051
00879052
00879101
00879102
00879103
00879104
00879105
00879106
00879107
00879108
00879109
00879110
00879111
00879112
00879113
00879114
00879117
00879125
00879126
00879127
00879128
00879129
00879130
00879131
00879132
00879133
00879135
00879136
00879137
00879138
00879141
00880151
00880163
00880164
00880165
00880166
00880167
00880168
00880169
00880170
00880173
00880174
00880175
00880192
00880193
00880194
00880195
00880198
00880199
00880200
00880201
00880202
00880203
00880204
00880205
00880206
00880207
00880208
00880209
00880210
00880213
00880214
00880215
00880220
00885336
00885337
00885338
00885339
00885340
00885345
00885346
00885349
00885350
00885351
00885373
00885374
00885375
00885376
00885377
00885378
00885379
00885380
00886267
00886316
00887303
00887304
00887305
00887306
00887307
00887349
00887350
00887351
00887352
00887353
00887370
00887371
00887372
00887403
00887405
00887406
00887407
00887408
00887409
00887416
00887417
00887418
00888326
00888327
00888370
00888373
00888374
00888375
00888379
00888380
00888403
00888404
00888405
00888406
00888408
00889405
00889407
00889408
00889447
00889449
00889457
00889458
00893695
00893710
00893711
00893733
00893761
00893762
00893766
00893767
00893768
00893769
00893770
00893771
00893772
00893796
00893797
00893798
00893799
00893800
00893801
00895870
00895871
00896672
00896697
00896712
00896713
00896739
00896745
00896746
00896747
00896748
00896749
00896750
00896751
00896752
00896753
00896754
00896755
00896756
00896757
00896758
00896785
00896786
00896787
00896788
00896789
00896790
00896791
00896792
00896793
00896795
00896796
00896797
00896799
00896807
00896821
00896822
00896823
00896824
00896825
00896842
00896845
00896846
00896847
00896848
00896849
00896850
00896851
00896859
00898735
00898736
00898737
00898738
00898739
00898766
00898767
00898768
00898769
00898770
00898771
00898787
00898789
00898790
00898791
00898792
00898793
00898794
00898795
00898796
00898797
00899720
00899721
00899722
00899724
00899725
00899726
00899727
00899728
00899729
00899730
00899731
00899750
00899751
00899752
00899753
00899754
00899755
00899756
00899757
00899758
00900759
00900796
00900801
00901563
00901564
00901565
00901592
00901593
00901594
00901595
00901596
00901597
00901598
00901602
00901603
00901767
00901768
00901772
00901773
00901788
00901789
00901792
00901801
00902702
00902703
00902704
00902705
00902706
00902707
00902708
00902709
00902710
00902711
00902742
00902743
00902744
00902745
00902746
00902747
00902748
00902749
00902750
00902751
00902752
00902753
00902754
00902755
00902756
00902790
00902791
00902792
00902793
00902794
00902795
00902796
00902803
00902804
00902805
00902806
00902807
00902808
00902809
00902810
00902811
00902812
00902813
00902814
00902815
00902816
00902817
00902818
00902819
00902820
00902834
00902839
00902858
00902862
00902863
00903617
00903618
00903619
00903620
00903621
00903647
00903649
00903650
00903651
00903652
00903653
00903654
00903673
00903674
00903675
00903676
00903677
00903678
00903679
00903680
00903681
00903682
00903683
00903684
00903685
00903688
00903689
00903690
00903692
00903713
00903714
00903715
00903716
00903717
00903718
00903719
00903720
00903721
00903722
00903723
00903724
00903727
00903728
00903729
00903742
00903749
00903750
00903751
00903752
00903760
00903761
00903762
00903764
00903765
00903788
00903789
00903791
00903792
00903793
00903802
00903803
00903804
00904692
00904693
00904703
00904711
00904712
00904713
00904714
00904715
00904716
00904717
00904724
00904725
00904726
00904727
00904728
00904729
00904730
00904738
00904739
00904740
00904741
00904742
00904743
00904744
00904745
00904746
00904747
00904749
00904750
00904751
00904752
00904753
00904754
00904755
00904756
00904757
00904758
00904759
00904760
00904778
00904779
00904780
00904781
00904782
00904783
00904784
00904785
00904786
00904787
00904788
00904789
00904790
00904791
00904792
00904812
00904835
00904839
00906931
00906932
00906935
00906936
00906937
00906938
00906970
00906980
00906983
00906984
00906985
00906986
00908888
00908953
00908954
00908957
00908959
00908960
00908966
00908967
00908968
00908969
00908970
00908971
00908972
00908973
00908974
00908975
00908994
00908996
00908997
00909001
00909002
00909003
00909005
00909006
00909008
00909010
00909011
00909012
00909013
00909014
00909015
00909016
00909017
00909725
00909726
00909727
00909728
00909737
00909756
00909757
00909758
00909766
00909767
00909768
00909769
00909770
00909771
00909772
00909773
00909774
00909777
00909779
00909780
00909781
00909782
00909783
00909784
00909785
00909786
00909787
00909788
00909789
00909790
00909801
00909804
00909805
00909806
00909807
00909808
00909809
00909810
00909811
00909812
00909813
00909814
00909815
00909816
00909817
00909818
00909828
00909835
00909836
00909844
00909845
00909846
00909847
00909848
00909849
00909850
00909853
00909854
00909855
00909856
00909857
00909860
00909861
00909862
00909863
00909864
00909869
00909870
00909877
00909878
00909879
00909880
00909881
00909882
00909883
00909884
00909887
00909888
00909889
00909890
00909891
00909892
00909893
00909895
00909903
00909904
00909921
00909922
00909923
00909924
00909925
00909926
00909927
00909940
00909948
00909949
00909950
00909951
00909952
00909953
00909954
00909955
00909956
00909957
00909998
00910000
00910001
00910002
00910003
00910004
00910005
00910006
00910007
00910008
00910009
00910010
00911402
00911403
00911590
00911591
00911592
00911618
00911627
00911628
00911629
00911633
00911665
00911675
00911676
00911677
00911678
00911679
00911680
00911681
00911682
00911683
00911684
00911685
00911695
00911696
00911697
00911698
00911699
00911700
00911701
00911702
00911703
00911704
00911705
00911706
00911707
00913580
00913619
00913623
00913624
00913665
00913716
00913717
00913718
00913719
00913720
00913721
00913722
00913723
00913724
00913725
00913726
00913727
00913728
00913729
00913730
00913731
00913732
00913733
00913734
00913754
00913755
00913756
00913757
00913758
00913759
00913760
00913761
00913762
00913764
00913765
00913766
00913767
00913768
00913769
00913770
00913771
00913772
00913773
00913774
00913786
00913787
00913815
00913816
00913817
00913855
00913856
00913857
00913884
00913911
00913912
00913913
00913914
00913948
00913949
00914644
00914645
00914646
00914647
00914648
00914651
00914652
00914653
00914654
00914655
00914665
00914666
00914667
00914669
00914670
00914671
00914672
00914673
00914674
00914675
00914676
00914677
00914678
00914713
00914716
00914717
00914718
00914719
00914720
00914721
00914722
00914723
00914724
00914725
00914726
00914727
00914728
00914729
00914743
00914764
00914765
00914766
00914767
00914768
00914769
00914776
00914777
00914778
00914789
00914790
00914791
00914820
00914821
00914829
00914830
00914834
00914835
00914951
00914954
00915632
00915633
00915634
00915666
00915667
00915668
00915695
00915697
00915698
00915699
00915700
00915701
00915702
00915703
00915710
00915711
00915712
00915728
00915729
00915730
00915731
00915732
00915736
00915737
00915743
00915745
00915746
00915747
00915756
00915757
00915758
00915759
00915760
00915761
00915762
00915763
00915764
00915765
00915766
00915798
00915799
00915800
00915801
00915802
00915803
00915804
00915805
00916724
00916725
00916726
00916727
00916728
00916729
00916730
00916735
00916745
00916769
00916772
00916773
00916774
00916775
00916776
00916777
00916778
00916779
00916788
00916799
00917272
00917273
00917274
00917275
00917276
00917277
00917278
00917279
00917280
00917281
00917282
00917283
00917284
00917285
00917286
00917287
00917288
00917289
00917290
00917291
00917292
00917293
00917294
00917295
00917296
00917297
00917298
00917299
00917300
00917301
00917302
00917303
00917304
00917305
00917306
00917307
00917308
00917309
00917310
00917311
00917312
00917313
00917314
00917315
00917316
00917317
00917318
00917319
00917320
00917321
00917322
00917323
00917324
00917325
00917326
00917327
00917328
00917329
00917330
00917331
00917332
00917333
00917334
00917335
00917336
00917337
00917338
00917339
00917340
00917341
00917342
00917343
00917344
00917345
00917346
00917347
00917348
00917349
00917350
00917351
00917352
00917353
00917354
00917355
00917356
00917357
00917358
00917359
00917360
00917361
00917362
00917363
00917364
00917365
00917366
00917367
00917368
00917369
00917370
00917371
00917372
00917380
00917381
00917382
00917383
00917384
00917385
00917386
00917387
00918767
00918804
00918806
00918807
00918808
00918809
00919461
00919513
00919514
00919515
00919516
00919517
00919518
00919519
00919554
00919555
00919556
00919557
00919558
00919559
00919560
00919561
00919562
00919563
00919564
00919565
00919600
00919601
00919602
00919603
00919604
00919605
00919752
00919788
00920312
00920313
00920314
00920315
00920316
00920424
00920425
00920426
00920427
00920428
00920429
00920430
00920431
00920432
00920433
00920434
00920435
00920436
00920437
00920438
00920439
00920440
00920441
00920442
00920443
00920444
00920445
00920446
00920447
00920448
00920449
00920450
00920451
00920452
00920453
00920454
00920455
00920456
00920457
00920458
00920459
00920460
00920461
00920462
00920463
00920464
00920465
00920466
00920467
00920468
00920469
00920470
00920471
00920472
00920473
00920474
00920475
00920476
00920477
00920478
00920479
00920480
00920481
00920482
00920483
00920484
00920485
00920486
00920487
00920488
00920489
00920490
00920491
00920492
00920493
00920494
00920495
00920496
00920497
00920498
00920499
00920500
00920501
00920502
00920503
00920504
00920505
00920506
00920507
00920508
00920509
00920510
00920511
00920512
00920513
00920514
00920515
00920516
00920517
00920518
00920519
00921197
00921223
00921224
00921225
00921226
00921227
00921228
00921270
00921271
00921272
00921273
00921274
00921275
00921276
00921283
00921284
00921285
00921301
00921302
00921303
00921304
00921305
00921306
00921307
00921308
00921309
00921310
00921311
00921338
00921342
00921349
00921350
00921351
00921352
00921353
00921354
00921355
00921356
00921401
00921493
00921494
00921543
00921558
00922091
00922092
00922093
00922094
00922095
00922096
00922137
00922138
00922139
00922140
00922141
00922142
00922994
00923008
00923009
00923010
00923011
00923012
00923014
00923015
00923017
00923032
00923040
00923041
00923050
00923051
00923052
00923053
00923054
00923056
00923109
00923110
00923111
00923112
00923152
00923157
00923158
00923159
00923160
00923161
00923200
00923201
00923243
00923912
00923913
00923914
00923915
00923944
00923945
00923946
00923947
00923948
00923998
00924021
00924038
00924039
00924040
00924041
00924042
00924043
00924044
00924045
00924046
00924047
00924048
00924055
00924057
00924058
00924059
00924060
00924065
00924066
00924067
00924068
00924069
00924070
00924071
00924072
00924073
00924074
00924075
00924076
00924077
00924078
00924080
00924081
00924082
00924083
00924084
00924085
00924086
00924087
00924091
00924092
00924093
00924094
00924095
00924098
00924099
00924101
00924102
00924103
00924107
00924109
00924110
00924111
00924113
00924114
00924115
00924116
00924117
00924118
00924119
00924120
00924121
00924122
00924123
00924124
00924125
00924126
00924129
00924133
00924134
00924135
00924136
00924137
00924138
00924139
00924140
00924141
00924143
00924144
00924145
00924146
00924147
00924148
00924149
00924162
00924163
00924164
00924165
00924166
00924168
00924169
00924170
00924171
00924172
00924173
00924174
00924175
00924176
00924178
00924179
00924191
00924192
00924206
00924207
00924208
00924209
00924212
00924822
00924823
00924824
00924825
00924826
00924832
00924854
00924855
00924856
00924863
00924879
00924880
00924881
00924893
00924894
00924895
00924902
00924903
00924904
00924926
00924928
00924929
00924930
00924934
00924963
00924964
00924965
00924966
00924967
00924968
00924969
00924970
00924971
00924974
00925006
00925007
00925008
00925009
00925010
00925011
00925012
00925013
00925014
00925021
00925052
00925059
00925060
00925102
00925103
00927715
00927716
00927749
00927750
00928484
00928485
00928486
00928516
00928517
00928519
00928520
00928521
00928522
00928523
00928524
00928525
00928526
00928549
00928550
00928551
00928552
00928553
00928554
00928555
00928556
00928557
00928587
00928588
00928616
00928617
00928618
00928635
00928636
00928637
00928643
00928645
00928646
00928647
00928648
00928649
00928650
00928651
00928652
00928668
00928669
00928677
00928678
00928679
00928684
00928685
00928686
00928687
00928744
00929366
00929408
00929430
00929431
00929433
00929434
00929435
00929436
00929437
00929438
00929439
00929440
00929441
00929444
00929445
00929446
00929447
00929448
00929449
00929450
00929467
00929470
00929471
00929472
00929473
00929474
00929475
00929476
00929477
00929478
00929479
00929482
00929483
00929484
00929485
00929486
00929487
00929488
00929489
00929490
00929496
00929497
00929527
00929528
00929534
00929535
00930320
00930321
00930322
00930323
00930324
00930325
00930326
00930350
00930351
00930352
00930353
00930354
00930372
00930373
00930374
00930375
00930376
00930377
00930378
00930380
00930381
00930405
00930406
00930407
00930408
00930409
00930410
00930423
00930424
00930425
00930426
00930455
00930456
00930465
00930466
00930467
00930468
00930490
00930491
00930511
00930512
00930533
00930534
00931169
00931170
00931172
00931173
00931174
00931175
00931176
00931180
00931182
00931183
00931209
00931210
00931211
00931212
00931213
00931214
00931218
00931220
00931221
00931222
00932122
00932123
00932125
00932130
00932166
00932167
00932168
00932170
00932171
00932199
00932232
00932239
00932275
00932276
00932277
00932323
00932324
00932325
00932370
00932371
00932372
00932373
00932374
00932375
00932376
00932410
00932411
00932412
00932413
00932414
00932416
00932974
00932975
00932976
00932977
00932978
00932979
00932980
00932981
00932982
00932983
00932984
00932985
00932986
00932987
00932988
00932989
00932990
00932991
00932992
00932993
00932994
00932995
00932996
00932997
00932998
00932999
00933000
00933001
00933002
00933003
00933004
00933005
00933006
00933007
00933008
00933009
00933010
00933011
00933012
00933013
00933014
00933015
00933016
00933017
00933018
00933019
00933020
00933021
00933022
00933023
00933024
00933025
00933026
00933027
00933028
00933029
00933030
00933031
00933032
00933033
00933034
00933035
00933036
00933037
00933038
00933039
00933040
00933041
00933042
00933043
00933044
00933045
00933046
00933047
00933048
00933049
00933050
00933051
00933052
00933053
00933054
00933055
00933056
00933057
00933058
00933059
00933060
00933061
00933062
00933063
00933064
00933065
00933066
00933067
00933068
00933069
00933252
00933253
00933254
00933255
00933286
00933287
00933288
00933334
00933335
00933336
00933337
00933770
00933818
00933947
00933948
00933949
00933950
00933951
00933952
00933962
00933963
00933964
00933965
00933966
00933967
00933968
00933969
00933970
00933973
00933974
00933989
00933990
00933991
00933992
00933993
00934002
00934003
00934004
00934005
00934006
00934007
00934008
00934009
00934010
00934011
00934012
00934013
00934014
00934015
00934016
00934017
00934024
00934025
00934045
00934046
00934047
00934048
00934049
00934052
00934053
00934056
00934057
00934093
00934094
00934095
00934096
00934097
00934143
00934144
00934145
00934146
00934147
00934695
00934696
00934697
00934698
00934699
00934700
00934701
00934702
00934703
00934704
00934705
00934706
00934707
00934708
00934709
00934710
00934711
00934712
00934713
00934714
00934715
00934716
00934717
00934718
00934719
00934720
00934721
00934722
00934723
00934724
00934725
00934726
00934727
00934728
00934729
00934730
00934731
00934732
00934733
00934734
00934735
00934736
00934737
00934738
00934739
00934740
00934741
00934742
00934743
00934744
00934745
00934746
00934747
00934748
00934749
00934750
00934751
00934752
00934753
00934754
00934755
00934756
00934757
00934758
00934759
00934760
00934761
00934762
00934763
00934764
00934765
00934766
00934767
00934768
00934769
00934770
00934771
00934772
00934773
00934774
00934775
00934776
00934777
00934778
00934779
00934780
00934781
00934782
00934783
00934784
00934785
00934786
00934787
00934788
00934789
00934790
00935636
00935640
00935641
00935642
00935660
00935661
00935663
00935664
00935665
00935669
00935686
00935687
00935849
00935850
00935851
00935853
00935854
00935876
00935892
00935893
00935894
00935914
00935929
00936326
00936327
00936328
00936329
00936366
00936367
00936368
00936406
00936407
00936408
00936409
00936410
00936412
00936413
00936414
00936415
00936416
00936417
00936418
00936419
00936421
00936422
00936423
00936424
00936425
00936426
00936427
00936428
00936429
00936430
00936431
00936432
00936433
00936434
00936435
00936436
00936437
00936438
00936439
00936440
00936441
00936442
00936443
00936444
00936445
00936446
00936447
00936448
00936449
00936458
00936459
00936492
00936493
00936494
00936528
00936529
00936530
00936531
00936532
00936533
00936534
00936535
00936536
00936545
00936546
00936547
00936548
00936555
00936563
00936564
00936566
00936568
00936569
00936570
00936571
00936572
00936573
00936575
00936576
00936577
00936578
00936579
00936596
00936610
00936612
00936614
00936615
00936616
00936617
00936735
00936766
00936811
00936812
00936813
00936814
00937290
00937329
00937330
00937336
00937337
00937346
00937347
00937348
00937349
00937350
00937358
00937359
00937360
00937361
00937362
00937363
00937364
00937367
00937369
00937370
00937371
00937372
00937373
00937374
00937375
00937376
00937382
00937383
00937384
00937419
00937420
00937421
00937422
00937423
00937424
00937426
00937427
00937428
00937429
00937650
00937651
00937652
00937653
00937654
00937655
00937665
00937668
00937669
00937670
00937671
00937672
00937673
00937674
00937675
00937703
00937716
00937732
00938104
00938105
00938106
00938107
00938108
00938153
00938154
00938155
00938226
00938227
00938228
00938229
00938230
00938231
00938232
00938233
00938234
00938235
00938236
00938241
00938242
00938243
00938244
00938245
00938246
00938247
00938248
00938249
00938252
00938253
00938254
00938255
00938256
00938257
00938258
00938259
00938260
00938263
00938264
00938265
00938266
00938267
00938268
00938269
00938270
00938271
00938332
00938356
00938357
00938360
00938361
00938362
00938363
00938364
00938365
00938366
00938368
00938429
00938430
00938431
00938432
00938433
00938591
00938922
00938923
00938945
00938946
00939145
00939147
00939148
00939149
00939150
00939151
00939188
00939190
00939191
00939192
00939193
00939358
00939398
00939399
00939401
00939434
00939435
00939880
00939881
00939882
00939883
00939884
00939885
00939886
00939887
00939888
00939889
00939890
00939891
00939892
00939893
00939894
00939903
00939904
00939905
00939906
00939907
00939908
00939909
00939910
00939911
00939916
00939917
00939918
00939919
00939920
00939921
00939923
00939924
00939925
00939926
00939927
00939928
00939929
00939940
00939941
00939942
00939943
00939944
00939945
00939946
00939955
00939956
00939957
00939958
00939967
00939968
00939969
00939970
00939971
00939972
00939973
00939975
00939976
00939977
00939978
00939979
00939980
00939996
00939997
00939998
00939999
00940002
00940003
00940004
00940005
00940006
00940008
00940009
00940010
00940011
00940012
00940013
00940014
00940029
00940030
00940031
00940032
00940055
00940056
00940057
00940058
00940071
00941052
00941053
00941054
00941055
00941056
00941057
00941058
00941059
00941060
00941091
00941092
00941093
00941094
00941095
00941482
00941483
00941484
00941489
00941523
00941531
00941547
00941549
00941551
00941575
00941667
00941668
00941669
00941670
00941671
00941672
00941673
00941674
00941675
00941676
00941677
00941678
00941679
00941680
00941681
00941682
00941683
00941684
00941685
00941686
00941687
00941688
00941689
00941690
00941691
00941692
00941693
00941694
00941695
00941696
00941697
00941698
00941699
00941700
00941701
00941702
00941703
00941704
00941705
00941706
00941707
00941708
00941709
00941710
00941711
00941712
00941713
00941714
00941715
00941716
00941717
00941718
00941719
00941720
00941721
00941722
00941723
00941724
00941725
00941726
00941727
00941728
00941729
00941730
00941731
00941732
00941733
00941734
00941735
00941736
00941737
00941738
00941739
00941740
00941741
00941742
00941743
00941744
00941745
00941746
00941747
00941748
00941749
00941750
00941751
00941752
00941753
00941754
00941755
00941756
00941757
00941758
00941759
00941760
00941761
00941762
00941763
00941812
00942447
00942448
00942449
00942484
00942485
00942486
00942521
00942522
00942523
00942524
00942525
00942526
00942527
00942528
00942529
00942530
00942531
00942563
00942564
00942565
00942566
00942567
00942568
00942569
00942570
00942571
00942572
00942573
00942610
00942611
00942612
00942613
00942614
00942615
00942616
00942637
00942638
00942651
00942652
00942653
00942654
00942655
00942656
00942680
00942681
00942689
00942690
00942694
00942695
00942696
00942697
00942714
00942716
00942719
00942720
00942721
00942722
00942724
00942725
00942726
00942727
00942728
00943157
00943199
00943200
00943201
00943202
00943203
00943212
00943213
00943214
00943238
00943239
00943240
00943241
00943242
00943243
00943244
00943245
00943246
00943247
00943277
00943279
00943280
00943281
00943282
00943283
00943285
00943294
00943295
00943296
00943297
00943298
00943299
00943300
00943301
00943317
00943318
00943319
00943320
00943321
00943323
00943324
00943325
00943326
00943327
00943328
00943329
00943330
00943331
00943357
00943358
00943359
00943360
00943361
00943362
00943364
00943365
00943366
00943367
00943368
00943369
00943370
00943371
00943372
00943416
00943417
00943418
00943419
00943423
00943424
00943425
00943426
00943427
00943428
00943429
00943431
00943470
00943473
00943474
00943475
00943476
00943477
00943478
00943479
00943480
00943490
00943492
00943493
00943530
00943531
00943532
00943533
00943534
00943535
00943536
00943542
00943907
00943908
00943909
00943910
00943911
00943912
00943913
00943914
00943915
00943916
00943917
00943918
00943919
00943920
00943921
00943922
00943923
00943924
00943925
00943926
00943927
00943928
00943929
00943930
00943931
00943932
00943933
00943934
00943935
00943936
00943937
00943938
00943939
00943940
00943941
00943942
00943943
00943944
00943945
00943946
00943947
00943948
00943949
00943950
00943951
00943952
00943953
00943954
00943955
00943956
00943957
00943958
00943959
00943960
00943961
00943962
00943963
00943964
00943965
00943966
00943967
00943968
00943969
00943970
00943971
00943972
00943973
00943974
00943975
00943976
00943977
00943978
00943979
00943980
00943981
00943982
00943983
00943984
00943985
00943986
00943987
00943988
00943989
00943990
00943991
00943992
00943993
00943994
00943995
00943996
00943997
00943998
00943999
00944000
00944001
00944002
00944003
00944011
00944012
00944013
00944014
00944015
00944016
00944017
00944018
00944019
00944020
00944021
00944022
00944023
00944024
00944037
00944038
00944042
00944043
00944044
00944045
00944046
00944047
00944048
00944049
00944050
00944051
00944052
00944053
00944054
00944088
00944121
00944189
00944190
00944191
00944192
00944199
00944200
00944201
00944202
00944203
00944204
00944205
00944206
00944207
00944208
00944209
00944217
00944218
00944219
00944220
00944221
00944222
00944227
00944228
00944229
00944230
00944231
00944236
00944237
00944238
00944239
00944240
00944241
00944242
00944243
00944244
00944245
00944246
00944247
00944248
00944249
00944250
00944251
00944252
00944254
00944255
00944256
00944264
00944265
00944266
00944267
00944271
00944272
00944273
00944274
00944275
00944276
00944277
00944278
00944279
00944280
00944284
00944286
00944288
00944289
00944290
00944291
00944295
00944303
00944305
00944313
00944314
00944340
00944348
00944350
00944351
00944853
00944854
00944855
00944856
00944883
00944884
00944902
00944903
00944904
00944905
00944906
00944907
00944919
00944921
00944940
00944941
00944942
00944943
00944944
00944945
00945518
00945519
00945520
00945521
00945522
00945523
00945549
00945550
00945551
00945552
00945573
00945586
00945587
00945588
00945589
00945590
00945591
00945592
00945593
00945594
00945595
00945601
00945613
00945614
00945615
00945616
00945617
00945618
00945619
00945620
00945621
00945622
00945623
00945627
00945630
00945632
00945633
00945635
00945636
00945637
00945638
00945639
00945640
00945641
00945642
00945663
00945665
00945666
00945667
00945668
00945670
00945671
00945672
00945673
00945674
00945676
00945677
00945678
00945686
00945695
00945696
00945702
00945703
00945704
00945705
00945706
00945707
00945708
00945709
00945710
00945711
00945714
00945715
00945716
00945718
00945727
00945729
00945730
00945745
00945746
00945748
00945752
00945765
00945807
00946343
00946344
00946375
00946376
00946377
00946378
00946379
00946380
00946381
00946382
00946383
00946384
00946385
00946386
00946387
00946388
00946389
00946390
00946391
00946392
00946393
00946394
00946395
00946396
00946397
00946398
00946399
00946400
00946401
00946402
00946403
00946404
00946405
00946406
00946407
00946408
00946409
00946410
00946411
00946412
00946413
00946414
00946415
00946416
00946417
00946418
00946419
00946420
00946421
00946422
00946423
00946424
00946425
00946426
00946427
00946428
00946429
00946430
00946431
00946432
00946433
00946434
00946435
00946436
00946437
00946438
00946439
00946440
00946441
00946442
00946443
00946444
00946445
00946446
00946447
00946448
00946449
00946450
00946451
00946452
00946453
00946454
00946455
00946456
00946457
00946458
00946459
00946460
00946461
00946462
00946463
00946464
00946465
00946466
00946467
00946468
00946469
00946470
00947264
00947265
00947266
00947267
00947268
00947269
00947270
00947271
00947272
00947273
00947274
00947275
00947276
00947277
00947278
00947279
00947280
00947281
00947282
00947283
00947284
00947285
00947286
00947290
00947316
00947317
00947319
00947320
00947329
00947330
00947331
00947332
00947333
00947363
00947364
00947365
00947366
00947367
00947546
00947547
00947548
00947549
00947550
00947551
00947554
00947555
00947556
00947557
00947558
00947617
00947618
00948860
00948876
00948940
00948941
00948942
00948957
00948982
00948983
00948984
00948985
00948986
00948992
00948993
00948999
00949000
00949001
00949002
00949003
00949004
00949005
00949006
00949007
00949008
00949010
00949011
00949012
00949013
00949014
00949015
00949016
00949017
00949024
00949025
00949026
00949027
00949028
00949029
00949030
00949031
00949032
00949036
00949037
00949038
00949039
00949040
00949041
00949042
00949045
00949067
00949068
00949069
00949070
00949071
00949072
00949073
00949074
00949075
00949076
00949077
00949078
00949079
00949080
00949081
00949082
00949083
00949084
00949085
00949086
00949567
00949568
00949569
00949570
00949571
00949572
00949573
00949574
00949575
00949576
00949577
00949578
00949579
00949580
00949581
00949582
00949583
00949584
00949585
00949586
00949587
00949588
00949589
00949590
00949592
00949593
00949594
00949595
00949596
00949597
00949598
00949599
00949600
00949601
00949602
00949603
00949604
00949605
00949606
00949608
00949686
00949687
00949688
00949689
00949690
00949691
00949692
00949693
00949694
00949695
00949696
00949697
00949698
00949699
00949700
00949701
00949702
00949703
00949708
00949709
00949710
00949711
00949712
00949713
00949716
00949720
00949721
00949722
00949723
00949724
00949727
00949728
00950374
00950375
00950376
00950377
00950378
00950379
00950380
00950381
00950382
00950383
00950384
00950385
00950386
00950387
00950388
00950389
00950390
00950391
00950392
00950393
00951209
00951210
00951211
00951212
00951213
00951214
00951215
00951216
00951217
00951218
00951219
00951220
00951221
00951222
00951223
00951224
00951225
00951226
00951227
00951228
00951269
00951271
00951272
00951273
00951274
00951275
00951276
00951279
00951280
00951281
00951282
00951283
00951284
00951285
00951286
00951287
00951288
00951313
00951314
00951315
00951316
00951317
00951318
00951319
00951320
00951322
00951323
00951324
00951325
00951327
00951328
00951329
00951330
00951331
00951332
00951333
00951338
00951383
00951386
00951387
00951388
00951389
00951390
00951987
00952002
00952035
00952036
00952037
00952038
00952039
00952040
00952041
00952042
00952043
00952044
00952045
00952046
00952047
00952048
00952049
00952050
00952051
00952052
00952053
00952054
00952077
00952767
00952768
00952769
00952770
00952771
00952772
00952773
00952774
00952775
00952776
00952777
00952778
00952779
00952780
00952781
00952782
00952783
00952784
00952785
00952786
00952787
00952788
00952789
00952790
00952791
00952792
00952793
00952794
00952795
00952796
00952797
00952798
00952799
00952800
00952801
00952802
00952803
00952804
00952805
00952806
00952807
00952808
00952809
00952810
00952811
00952812
00952813
00952814
00952815
00952816
00952817
00952818
00952819
00952820
00952821
00952822
00952823
00952824
00952825
00952826
00952827
00952828
00952829
00952830
00952831
00952832
00952833
00952834
00952835
00952836
00952837
00952838
00952839
00952840
00952841
00952842
00952843
00952844
00952845
00952846
00952847
00952848
00952849
00952850
00952851
00952852
00952853
00952854
00952855
00952856
00952857
00952858
00952859
00952860
00952861
00952862
00953493
00953494
00953495
00953496
00953497
00953498
00953499
00953500
00953501
00953547
00953548
00953549
00953550
00953551
00953552
00953553
00953554
00953555
00953558
00953583
00953584
00953585
00953629
00953630
00953631
00953632
00953633
00953647
00953648
00953665
00953666
00953679
00953681
00953682
00954380
00954400
00954407
00954408
00954409
00954441
00954442
00954450
00954492
00955117
00955118
00955119
00955120
00955121
00955122
00955123
00955124
00955125
00955126
00955127
00955128
00955129
00955130
00955131
00955132
00955133
00955134
00955135
00955136
00955137
00955138
00955139
00955140
00955141
00955142
00955143
00955144
00955145
00955146
00955147
00955148
00955149
00955150
00955151
00955152
00955153
00955154
00955155
00955156
00955157
00955158
00955159
00955160
00955161
00955162
00955163
00955164
00955165
00955166
00955167
00955168
00955169
00955170
00955171
00955172
00955173
00955174
00955175
00955176
00955177
00955178
00955179
00955180
00955181
00955182
00955183
00955184
00955185
00955186
00955187
00955188
00955189
00955190
00955191
00955192
00955193
00955194
00955195
00955196
00955197
00955198
00955199
00955200
00955201
00955202
00955203
00955204
00955205
00955206
00955207
00955208
00955209
00955210
00955211
00955212
00955375
00955390
00955483
00955484
00955485
00955492
00955517
00955518
00956183
00956198
00956199
00956200
00956201
00956202
00956203
00956208
00956209
00956210
00956234
00956235
00956236
00956237
00956238
00956239
00956240
00956241
00956242
00956243
00956244
00956249
00956250
00956262
00956365
00956399
00956401
00956431
00956432
00956434
00956829
00956830
00956831
00956832
00956833
00956834
00956835
00956836
00956837
00956838
00956839
00956840
00956841
00956842
00956843
00956844
00956845
00956846
00956847
00956848
00956849
00956850
00956851
00956852
00956853
00956854
00956855
00956856
00956857
00956858
00956859
00956860
00956861
00956862
00956863
00956864
00956865
00956866
00956867
00956868
00956869
00956870
00956871
00956872
00956873
00956874
00956875
00956876
00956877
00956878
00956879
00956880
00956881
00956882
00956883
00956884
00956885
00956886
00956887
00956888
00956889
00956890
00956891
00956892
00956893
00956894
00956895
00956896
00956897
00956898
00956899
00956900
00956901
00956902
00956903
00956904
00956905
00956906
00956907
00956908
00956909
00956910
00956911
00956912
00956913
00956914
00956915
00956916
00956917
00956918
00956919
00956920
00956921
00956922
00956923
00956924
00956953
00956954
00957586
00957626
00957632
00958154
00958199
00958360
00958361
00958362
00958368
00958369
00958370
00958371
00958372
00958373
00958374
00958375
00958376
00958416
00958422
00958423
00958424
00958425
00958426
00958527
00958563
00958565
00958566
00958567
00958568
00958569
00958570
00958571
00958574
00958607
00958611
00958612
00958613
00958614
00958617
00958618
00958619
00958620
00958621
00958623
00958650
00958651
00958652
00958653
00958654
00958655
00958656
00958657
00958658
00958659
00958660
00958661
00958662
00958663
00958697
00958698
00958699
00958700
00958701
00958702
00958703
00958704
00958705
00958706
00958707
00958708
00958713
00958714
00958715
00958716
00958747
00958748
00958749
00958750
00958751
00958752
00958753
00958754
00958759
00958760
00958770
00958771
00958812
00958813
00958814
00958815
00959399
00959400
00959401
00959402
00959403
00959404
00959405
00959406
00959407
00959408
00959409
00959410
00959411
00959412
00959413
00959414
00959415
00959416
00959417
00959418
00959419
00959420
00959421
00959422
00959423
00959424
00959425
00959426
00959427
00959428
00959429
00959430
00959431
00959432
00959433
00959434
00959435
00959436
00959437
00959438
00959439
00959440
00959441
00959442
00959443
00959444
00959445
00959446
00959447
00959448
00959449
00959450
00959451
00959452
00959453
00959454
00959455
00959456
00959457
00959458
00959459
00959460
00959461
00959462
00959463
00959464
00959465
00959466
00959467
00959468
00959469
00959470
00959471
00959472
00959473
00959474
00959475
00959476
00959477
00959478
00959479
00959480
00959481
00959482
00959483
00959484
00959485
00959486
00959487
00959488
00959489
00959490
00959491
00959492
00959493
00959494
00959676
00959678
00959679
00959690
00959711
00959717
00959729
00959803
00960046
00960051
00960052
00960053
00960054
00960055
00960073
00960075
00960077
00960083
00960084
00960085
00960086
00960102
00960104
00960106
00960107
00960108
00960109
00960110
00960114
00960129
00960130
00960131
00960132
00960133
00960134
00960135
00960136
00960137
00960138
00960139
00960163
00960179
00960180
00960181
00960182
00960203
00960204
00960205
00960206
00960207
00960208
00960209
00960210
00960215
00960216
00960217
00960218
00960219
00960220
00960222
00960223
00960224
00960225
00960241
00960242
00960243
00960244
00960245
00960246
00960247
00960248
00960249
00960250
00960251
00960252
00960253
00960257
00960258
00960259
00960260
00961602
00961603
00961604
00961609
00961630
00961631
00961632
00961633
00961634
00961635
00961636
00961637
00961638
00961639
00961640
00961641
00961642
00961643
00961644
00961645
00961646
00961647
00961648
00961649
00961650
00961651
00961652
00961653
00961654
00961655
00961656
00961657
00961658
00961659
00961660
00961661
00961662
00961797
00961877
00961879
00961881
00961882
00961883
00962370
00962371
00962372
00962373
00962374
00962375
00962376
00962377
00962378
00962379
00962380
00962381
00962382
00962383
00962384
00962385
00962386
00962387
00962388
00962389
00962390
00962394
00962395
00962396
00962397
00962398
00962399
00962451
00962453
00962454
00962455
00962456
00962457
00962458
00962459
00962460
00962461
00962474
00962475
00962476
00962477
00962478
00962480
00962481
00962482
00962483
00962484
00962485
00962486
00962487
00962488
00962489
00962490
00962535
00962536
00962537
00962538
00962539
00962551
00962587
00962588
00962589
00962590
00962591
00962617
00962618
00962619
00962620
00962621
00963195
00963196
00963197
00963198
00963199
00963200
00963201
00963202
00963203
00963204
00963205
00963206
00963207
00963208
00963209
00963210
00963211
00963212
00963213
00963214
00963215
00963216
00963219
00963223
00963224
00963255
00963256
00963859
00963860
00963861
00963862
00963863
00963864
00963865
00963866
00963867
00963868
00963869
00963870
00963871
00963872
00963873
00963874
00963875
00963876
00963877
00963878
00963900
00963901
00963902
00963903
00963912
00963942
00963952
00963953
00963954
00963955
00963961
00963977
00963985
00963986
00963987
00963988
00963989
00963996
00963997
00963998
00963999
00964000
00964026
00964027
00964028
00964029
00964030
00964031
00964032
00964073
00964074
00964075
00964076
00964077
00964078
00964109
00964110
00964111
00964112
00964113
00964114
00964115
00964116
00964117
00964150
00964151
00964152
00964153
00964154
00964155
00964156
00964157
00964209
00964565
00964566
00964567
00964568
00964569
00964570
00964571
00964572
00964573
00964574
00964575
00964576
00964577
00964578
00964579
00964580
00964581
00964582
00964583
00964584
00965301
00965302
00965303
00965304
00965305
00965306
00965307
00965308
00965309
00965310
00965311
00965312
00965313
00965314
00965315
00965316
00965317
00965318
00965319
00965320
00965370
00965371
00965374
00965375
00965376
00965377
00965383
00965384
00965385
00965386
00965387
00965388
00965389
00965390
00965392
00965393
00965394
00965395
00965396
00965397
00965398
00965399
00965400
00965401
00965402
00965403
00965404
00965405
00965407
00965408
00965409
00965410
00965411
00965417
00965418
00965419
00965420
00965421
00965422
00965423
00965425
00965426
00965427
00965428
00965429
00965430
00965431
00965432
00965433
00965434
00965435
00965436
00965437
00965449
00965450
00965451
00965474
00965475
00965476
00965521
00966044
00966045
00966046
00966047
00966048
00966049
00966050
00966051
00966052
00966053
00966054
00966055
00966056
00966057
00966058
00966059
00966060
00966061
00966062
00966063
00966134
00966135
00966136
00966137
00966138
00966139
00966140
00966141
00966142
00966172
00966173
00966174
00966175
00966176
00966177
00966178
00966179
00966214
00966777
00966778
00966779
00966780
00966781
00966782
00966783
00966784
00966785
00966786
00966787
00966788
00966789
00966790
00966791
00966792
00966793
00966794
00966806
00966807
00966808
00966809
00966810
00966811
00966812
00966813
00966814
00966815
00966816
00966817
00966818
00966819
00966820
00966821
00966822
00966823
00966824
00966825
00966837
00966838
00966839
00966841
00966842
00966843
00966844
00966845
00966846
00966847
00966848
00966849
00966852
00966856
00966857
00966861
00966865
00966866
00966867
00966868
00966874
00966875
00966876
00966877
00966878
00966879
00966880
00966881
00966884
00966885
00966888
00966895
00966896
00966906
00966923
00966924
00966936
00966954
00967469
00967471
00967493
00967513
00967538
00967542
00967543
00967569
00967570
00967571
00967572
00967573
00967574
00967575
00967576
00967577
00967581
00967587
00967588
00967589
00967591
00967592
00967593
00967594
00967595
00967596
00967604
00967605
00967607
00967609
00967610
00967613
00967614
00967615
00967616
00967617
00967618
00967620
00967621
00967622
00967634
00967635
00967636
00967643
00967644
00967645
00967646
00967647
00967691
00967692
00967751
00967812
00968184
00968196
00968226
00968938
00968940
00968947
00968978
00968980
00968991
00968992
00968993
00968995
00969018
00969019
00969020
00969021
00969022
00969023
00969024
00969025
00969026
00969027
00969028
00969029
00969030
00969031
00969032
00969033
00969034
00969035
00969036
00969037
00969038
00969039
00969040
00969041
00969042
00969043
00969044
00969045
00969046
00969047
00969048
00969049
00969050
00969051
00969052
00969053
00969054
00969055
00969056
00969057
00969058
00969059
00969060
00969061
00969062
00969063
00969064
00969065
00969066
00969067
00969068
00969069
00969070
00969071
00969072
00969073
00969074
00969075
00969076
00969077
00969078
00969079
00969080
00969081
00969082
00969083
00969084
00969085
00969086
00969087
00969088
00969089
00969090
00969091
00969092
00969093
00969094
00969095
00969096
00969097
00969098
00969099
00969100
00969101
00969102
00969103
00969104
00969105
00969106
00969107
00969108
00969109
00969110
00969111
00969112
00969113
00969216
00969218
00969219
00969220
00969221
00969222
00969223
00969224
00969246
00969247
00969249
00969250
00969251
00969252
00969253
00969254
00969272
00969273
00969312
00969329
00969330
00969654
00969658
00969665
00969666
00969695
00969967
00969970
00969971
00969972
00969973
00969974
00969975
00969976
00969977
00969978
00969979
00969980
00969981
00969982
00969983
00969984
00969985
00969986
00969987
00969988
00969989
00969990
00969996
00970011
00970012
00970013
00970014
00970015
00970016
00970017
00970018
00970019
00970020
00970021
00970022
00970023
00970024
00970025
00970026
00970027
00970028
00970029
00970048
00970049
00970050
00970051
00970052
00970352
00970356
00970360
00970394
00970395
00970396
00970397
00970398
00970399
00970401
00970402
00970403
00970404
00970405
00970406
00970407
00970408
00970409
00970410
00970411
00970412
00970413
00970414
00970415
00970416
00970417
00970418
00970419
00970420
00970421
00970422
00970423
00970424
00970425
00970426
00970427
00970428
00970429
00970430
00970431
00970432
00970433
00970434
00970435
00970436
00970437
00970438
00970439
00970440
00970441
00970442
00970443
00970444
00970445
00970446
00970447
00970448
00970449
00970450
00970451
00970452
00970453
00970454
00970455
00970456
00970457
00970458
00970459
00970460
00970461
00970462
00970463
00970464
00970465
00970466
00970467
00970468
00970469
00970470
00970471
00970472
00970473
00970474
00970475
00970476
00970477
00970478
00970479
00970480
00970481
00970482
00970483
00970484
00970485
00970486
00970487
00970488
00970489
00970490
00970491
00970492
00970493
00970494
00970495
00970496
00970596
00970597
00970598
00970605
00970606
00970630
00970631
00970632
00970633
00970634
00970635
00970640
00970651
00970679
00970680
00970693
00970694
00970695
00970696
00970697
00970698
00970734
00970735
00970736
00970737
00970738
00970777
00970778
00970813
00971044
00971045
00971046
00971048
00971068
00971086
00971087
00971088
00971097
00971098
00971099
00971101
00971102
00971103
00971104
00971105
00971106
00971107
00971108
00971131
00971139
00971144
00971145
00971167
00971177
00971183
00971184
00971188
00971189
00971858
00971859
00971860
00971861
00971862
00971863
00971873
00971895
00971908
00971909
00971910
00971912
00971913
00971914
00971922
00971923
00971937
00971938
00971939
00971940
00971987
00971988
00971989
00971990
00972808
00972811
00972849
00972851
00972852
00973359
00973360
00973361
00973400
00973401
00973430
00973521
00973964
00973965
00973978
00973979
00973980
00974004
00974005
00974020
00974021
00974778
00974779
00974781
00974782
00974783
00974814
00974815
00974817
00974818
00974819
00975160
00975161
00975163
00975168
00975169
00975170
00975171
00975200
00975214
00975215
00975317
00975318
00975319
00975320
00975321
00975322
00975323
00975324
00975325
00975326
00975327
00975328
00975329
00975330
00975331
00975332
00975333
00975334
00975335
00975336
00975337
00975338
00975339
00975340
00975341
00975342
00975343
00975344
00975345
00975346
00975347
00975348
00975349
00975350
00975351
00975352
00975353
00975354
00975355
00975356
00975357
00975358
00975359
00975360
00975361
00975362
00975363
00975364
00975365
00975366
00975367
00975368
00975369
00975370
00975371
00975372
00975373
00975374
00975375
00975376
00975377
00975378
00975379
00975380
00975381
00975382
00975383
00975384
00975385
00975386
00975387
00975388
00975389
00975390
00975391
00975392
00975393
00975394
00975395
00975396
00975397
00975398
00975399
00975400
00975401
00975402
00975403
00975404
00975405
00975406
00975407
00975408
00975409
00975410
00975411
00975412
00975898
00975911
00975912
00975913
00975925
00975926
00975927
00975928
00975929
00975930
00975931
00975932
00975933
00975934
00975935
00975943
00975955
00975956
00975957
00975958
00975959
00975960
00975961
00975962
00975963
00975964
00975965
00975966
00975967
00975987
00975988
00975989
00975990
00975991
00975992
00976044
00976045
00976046
00976047
00976077
00976079
00976080
00976088
00976089
00976090
00976103
00976104
00976105
00976106
00976107
00976120
00976121
00976122
00976123
00976125
00976126
00976127
00976136
00976137
00976138
00976143
00976144
00976145
00976146
00976147
00976151
00976152
00976163
00976165
00976166
00976167
00976168
00976169
00976190
00976191
00976210
00976211
00976215
00976216
00976217
00976240
00976241
00976242
00976244
00976245
00976246
00976247
00976248
00976249
00976250
00976251
00976252
00976253
00976254
00976255
00976269
00976270
00976271
00976272
00976273
00976274
00976275
00976276
00976278
00976279
00976280
00976281
00976289
00976290
00976291
00976292
00976299
00976300
00976301
00976302
00976303
00976304
00976305
00976306
00976307
00976313
00976314
00976315
00976316
00976317
00976318
00976319
00976320
00976322
00976323
00976326
00976333
00976334
00976335
00976336
00976337
00976338
00976339
00976340
00976345
00976346
00976353
00976354
00976355
00976356
00976357
00976362
00976363
00976364
00976365
00976370
00976371
00976375
00976376
00976377
00976378
00976379
00976380
00976381
00976382
00976401
00976402
00976403
00976404
00976408
00976409
00976410
00976411
00976412
00976413
00976414
00976415
00976416
00976417
00976432
00976433
00976451
00976452
00976453
00976482
00976549
00976550
00976566
00976574
00976602
00976702
00976703
00976704
00976705
00976706
00976707
00976708
00976709
00976710
00976711
00976712
00976713
00976714
00976715
00976716
00976717
00976718
00976719
00976720
00976721
00976722
00976723
00976724
00976725
00976726
00976727
00976728
00976729
00976730
00976731
00976732
00976733
00976734
00976735
00976736
00976737
00976738
00976739
00976740
00976741
00976742
00976743
00976744
00976745
00976746
00976747
00976748
00976749
00976750
00976751
00976752
00976753
00976754
00976755
00976756
00976757
00976758
00976759
00976760
00976761
00976762
00976763
00976764
00976765
00976766
00976767
00976768
00976769
00976770
00976771
00976772
00976773
00976774
00976775
00976776
00976777
00976778
00976779
00976780
00976781
00976782
00976783
00976784
00976785
00976786
00976787
00976788
00976789
00976790
00976791
00976792
00976793
00976794
00976795
00976796
00976797
00977274
00977275
00977307
00977330
00977331
00977332
00977337
00977368
00978759
00978760
00978761
00978762
00978763
00978764
00978765
00978766
00978767
00978768
00978769
00978770
00978771
00978772
00978773
00978774
00978775
00978776
00978777
00978778
00978779
00978780
00978781
00978782
00978783
00978784
00978785
00978786
00978787
00978788
00978789
00978790
00978791
00978792
00978793
00978794
00978795
00978796
00978797
00978798
00978799
00978800
00978801
00978802
00978803
00978804
00978805
00978806
00978807
00978808
00978809
00978810
00978811
00978812
00978813
00978814
00978815
00978816
00978817
00978818
00978819
00978820
00978821
00978822
00978823
00978824
00978825
00978826
00978827
00978828
00978829
00978830
00978831
00978832
00978833
00978834
00978835
00978836
00978837
00978838
00978839
00978840
00978841
00978842
00978843
00978844
00978845
00978846
00978847
00978848
00978849
00978850
00978851
00978852
00978853
00978854
00980017
00980018
00980725
00980726
00980727
00980728
00980729
00980730
00980731
00980732
00980733
00980734
00980735
00980736
00980737
00980738
00980739
00980740
00980741
00980742
00980743
00980744
00980779
00981442
00981443
00981444
00981445
00981446
00981447
00981448
00981449
00981450
00981451
00981452
00981453
00981454
00981455
00981456
00981457
00981458
00981459
00981460
00981461
00982149
00982150
00982151
00982152
00982153
00982154
00982155
00982156
00982157
00982158
00982159
00982160
00982161
00982162
00982163
00982164
00982165
00982166
00982167
00982168
00982853
00982854
00982855
00982856
00982857
00982858
00982859
00982860
00982861
00982862
00982863
00982864
00982865
00982866
00982867
00982868
00982869
00982870
00982871
00982872
00982900
00982901
00982902
00982903
00982904
00982905
00982906
00982907
00982908
00982940
00982941
00982942
00982943
00982957
00982958
00982959
00982973
00982974
00982985
00982986
00982987
00982988
00982989
00983003
00983010
00983037
00983038
00983039
00983547
00983548
00983549
00983550
00983551
00983552
00983553
00983554
00983555
00983556
00983557
00983558
00983559
00983560
00983561
00983562
00983563
00983564
00983565
00983566
00984267
00984268
00984269
00984270
00984271
00984272
00984273
00984274
00984275
00984276
00984277
00984278
00984279
00984280
00984281
00984282
00984283
00984284
00984285
00984286
00984995
00984996
00984997
00984998
00984999
00985000
00985001
00985002
00985003
00985004
00985005
00985006
00985007
00985008
00985009
00985010
00985011
00985012
00985013
00985014
00985648
00985671
00985674
00985675
00985676
00985677
00985682
00985702
00985703
00985704
00985705
00985706
00985707
00985708
00985709
00985710
00985731
00985732
00985733
00985734
00985749
00985750
00985751
00985752
00985753
00985766
00985767
00985804
00985931
00985963
00987776
00987833
00988528
00988529
00988530
00988531
00988532
00988533
00988534
00988535
00988536
00988537
00988538
00988539
00988540
00988541
00988542
00988543
00988544
00988545
00988546
00988547
00988548
00988549
00988550
00988551
00988552
00988553
00988554
00988555
00988556
00988557
00988558
00988559
00988560
00988561
00988562
00988563
00988564
00988565
00988566
00988567
00988568
00988569
00988570
00988571
00988572
00988573
00988574
00988575
00988576
00988577
00988578
00988579
00988580
00988581
00988582
00988583
00988584
00988585
00988586
00988587
00988588
00988589
00988590
00988591
00988592
00988593
00988594
00988595
00988596
00988597
00988598
00988599
00988600
00988601
00988602
00988603
00988604
00988605
00988606
00988607
00988608
00988609
00988610
00988611
00988612
00988613
00988614
00988615
00988616
00988617
00988618
00988619
00988620
00988621
00988622
00988623
00989173
00989174
00989176
00989210
00990040
00990085
00990566
00990578
00990601
00990626
00990627
00990628
00990629
00990630
00990631
00990632
00990633
00990634
00990635
00990636
00990637
00990638
00990639
00990640
00990641
00990642
00990643
00990644
00990645
00990646
00990647
00990648
00990649
00990650
00990651
00990652
00990653
00990654
00990655
00990656
00990657
00990658
00990659
00990660
00990661
00990662
00990663
00990664
00990665
00990666
00990667
00990668
00990669
00990670
00990671
00990672
00990673
00990674
00990675
00990676
00990677
00990678
00990679
00990680
00990681
00990682
00990683
00990684
00990685
00990686
00990687
00990688
00990689
00990690
00990691
00990692
00990693
00990694
00990695
00990696
00990697
00990698
00990699
00990700
00990701
00990702
00990703
00990704
00990705
00990706
00990707
00990708
00990709
00990710
00990711
00990712
00990713
00990714
00990715
00990716
00990717
00990718
00990719
00990720
00990721
00991262
00991360
