00992106
00992107
00992108
00992109
00992148
00992149
00992151
00992152
00992256
00992257
00992259
00992262
00992264
00992265
00992266
00992267
00992268
00992269
00992270
00992272
00992273
00992274
00992287
00992288
00992293
00992294
00992295
00992296
00992297
00992299
00992301
00992302
00992303
00992304
00992688
00992689
00992690
00992691
00992692
00992693
00992694
00992867
00992868
00992870
00992871
00992874
00992875
00992876
00992877
00992909
00992923
00992934
00992935
00992936
00992984
00993419
00993420
00993421
00993422
00993423
00993440
00993443
00993445
00993451
00993452
00993453
00993454
00993455
00993456
00993457
00993458
00993459
00993460
00993461
00993510
00993512
00993513
00993514
00993515
00993519
00993520
00993521
00993522
00993523
00993524
00993525
00993526
00993731
00994120
00994121
00994122
00994123
00994124
00994125
00994126
00994127
00994128
00994129
00994130
00994131
00994132
00994133
00994134
00994135
00994136
00994137
00994138
00994139
00994140
00994141
00994142
00994143
00994144
00994145
00994146
00994147
00994148
00994149
00994150
00994151
00994152
00994153
00994154
00994155
00994156
00994157
00994158
00994159
00994160
00994161
00994162
00994163
00994164
00994165
00994166
00994167
00994168
00994169
00994170
00994171
00994172
00994173
00994174
00994175
00994176
00994177
00994178
00994179
00994180
00994181
00994182
00994183
00994184
00994185
00994186
00994187
00994188
00994189
00994190
00994191
00994192
00994193
00994194
00994195
00994196
00994197
00994198
00994199
00994200
00994201
00994202
00994203
00994204
00994205
00994206
00994207
00994208
00994209
00994210
00994211
00994212
00994213
00994214
00994215
00994216
00994243
00994244
00994245
00994246
00994247
00994289
00994294
00994295
00994297
00994943
00994944
00994945
00994946
00994947
00994948
00994949
00994950
00994951
00994962
00994963
00994964
00994965
00994966
00994967
00994968
00994970
00994982
00994983
00994984
00994985
00994986
00994987
00994988
00994989
00994992
00994993
00994994
00994995
00994996
00994997
00994998
00994999
00995000
00995008
00995009
00995010
00995011
00995012
00995014
00995015
00995016
00995017
00995018
00995019
00995020
00995021
00995022
00995023
00995024
00995025
00995028
00995029
00995030
00995031
00995032
00995033
00995034
00995036
00995037
00995038
00995040
00995148
00995149
00995150
00995174
00995181
00995182
00995183
00995242
00995243
00995244
00995245
00995535
00995536
00995537
00995538
00995539
00995540
00995541
00995542
00995543
00995544
00995545
00995546
00995547
00995548
00995549
00995550
00995551
00995552
00995553
00995554
00995555
00995556
00995557
00995558
00995559
00995560
00995561
00995562
00995563
00995564
00995565
00995566
00995567
00995568
00995569
00995570
00995571
00995572
00995573
00995574
00995575
00995576
00995577
00995578
00995579
00995580
00995581
00995582
00995583
00995584
00995585
00995586
00995587
00995588
00995589
00995590
00995591
00995592
00995593
00995594
00995595
00995596
00995597
00995598
00995599
00995600
00995601
00995602
00995603
00995604
00995605
00995606
00995607
00995608
00995609
00995610
00995611
00995612
00995613
00995614
00995615
00995616
00995617
00995618
00995619
00995620
00995621
00995622
00995623
00995624
00995625
00995626
00995627
00995628
00995629
00995630
00996198
00996902
00996910
00996922
00996923
00996924
00996925
00996926
00996927
00996928
00996929
00996930
00996931
00996932
00996933
00996934
00996935
00996936
00996937
00996938
00996939
00996940
00996941
00996942
00996943
00996944
00996945
00996946
00996947
00996948
00996949
00996950
00996951
00996952
00996953
00996954
00996955
00996956
00996957
00996958
00996959
00996960
00996961
00996962
00996963
00996964
00996965
00996966
00996967
00996968
00996969
00996970
00996971
00996972
00996973
00996974
00996975
00996976
00996977
00996978
00996979
00996980
00996981
00996982
00996983
00996984
00996985
00996986
00996987
00996988
00996989
00996990
00996991
00996992
00996993
00996994
00996995
00996996
00996997
00996998
00996999
00997000
00997001
00997002
00997003
00997004
00997005
00997006
00997007
00997008
00997009
00997010
00997011
00997012
00997013
00997014
00997015
00997016
00997017
00997113
00997114
00997115
00997116
00997117
00997118
00997119
00997120
00997642
00997643
00997644
00997645
00997646
00997647
00997648
00997649
00997650
00997651
00997652
00997653
00997654
00997655
00997656
00997657
00997658
00997659
00997660
00997661
00997662
00997663
00997664
00997665
00997666
00997667
00997668
00997669
00997670
00997671
00997672
00997673
00997674
00997675
00997676
00997677
00997678
00997679
00997680
00997681
00997682
00997683
00997684
00997685
00997686
00997687
00997688
00997689
00997690
00997691
00997692
00997693
00997694
00997695
00997696
00997697
00997698
00997699
00997700
00997701
00997702
00997703
00997704
00997705
00997706
00997707
00997708
00997709
00997710
00997711
00997712
00997713
00997714
00997715
00997716
00997717
00997718
00997719
00997720
00997721
00997722
00997723
00997724
00997725
00997726
00997727
00997728
00997729
00997730
00997731
00997732
00997733
00997734
00997735
00997736
00997737
00997997
00997998
00997999
00998000
00998001
00998002
00998003
00998004
00998005
00998006
00998007
00998008
00998009
00998010
00998011
00998012
00998013
00998014
00998015
00998016
00998695
00998696
00998697
00998698
00998699
00998700
00998701
00998702
00998703
00998704
00998705
00998706
00998707
00998708
00998709
00998710
00998711
00998712
00998713
00998714
00998847
00998877
00999397
00999398
00999399
00999400
00999401
00999402
00999403
00999404
00999405
00999406
00999407
00999408
00999409
00999410
00999411
00999412
00999413
00999414
00999415
00999416
00999501
00999502
00999549
00999550
01000030
01000068
01000069
01000077
01000078
01000079
01000080
01000081
01000082
01000083
01000084
01000085
01000086
01000087
01000088
01000089
01000090
01000091
01000092
01000093
01000094
01000095
01000096
01000700
01000705
01000709
01000718
01000743
01000746
01000750
01000751
01000752
01000756
01000757
01000758
01000767
01000771
01000775
01000776
01000777
01000778
01000779
01000780
01000781
01000782
01000783
01000784
01000785
01000786
01000787
01000788
01000789
01000790
01000791
01000792
01000793
01000794
01000795
01000796
01000797
01000798
01000799
01000809
01000811
01000812
01000813
01000814
01000815
01000816
01000817
01000818
01000819
01000820
01000821
01000822
01000823
01000824
01000825
01000826
01000827
01000828
01000831
01000832
01000851
01000852
01000855
01000859
01001404
01001439
01002925
01002962
01003660
01003699
01006001
01006006
01006007
01006008
01006009
01006016
01006017
01006018
01006019
01006020
01006021
01006022
01006023
01006036
01006037
01006038
01006039
01006040
01006041
01006042
01006043
01006044
01006045
01006048
01006049
01006050
01006051
01006052
01006053
01006054
01006055
01006056
01006057
01006058
01006059
01006060
01006061
01006062
01006063
01006094
01006095
01006096
01006097
01006098
01006099
01006100
01006101
01006102
01006104
01006105
01006106
01006138
01006144
01006169
01006661
01006662
01006663
01006675
01006697
01006698
01006706
01006708
01006709
01006710
01006718
01007468
01007469
01008187
01008188
01008222
01008223
01008224
01008225
01008226
01008258
01008280
01008288
01008322
01008323
01008324
01008355
01008361
01008381
01008382
01008401
01008410
01008412
01008424
01009020
01009021
01009022
01009023
01009024
01009025
01009026
01009027
01009028
01009029
01009030
01009046
01009047
01009048
01009049
01009050
01009051
01009052
01009715
01009716
01009717
01009718
01009719
01009720
01009721
01009723
01009801
01009802
01009803
01009804
01009805
01009806
01009807
01009808
01009809
01009817
01009818
01009832
01009833
01009834
01009835
01009836
01009837
01009838
01009839
01010457
01010458
01010492
01010494
01010495
01010496
01010497
01010498
01010500
01010501
01010519
01010520
01010521
01010522
01010523
01010524
01010525
01010526
01010768
01010769
01011320
01011323
01011324
01011325
01011326
01011327
01011328
01011329
01011330
01011331
01011332
01011333
01011335
01011337
01011338
01011339
01011341
01011342
01011347
01011349
01011359
01011430
01011431
01011432
01011433
01011434
01012080
01012081
01012082
01012086
01012178
01012179
01012180
01012181
01012182
01012194
01012195
01012234
01012235
01013516
01013517
01013518
01013519
01013520
01013521
01013522
01013664
01013665
01013666
01013667
01013668
01013669
01013671
01013673
01013674
01013675
01013676
01013677
01013678
01013679
01013680
01013681
01013682
01013683
01013684
01013702
01013703
01013704
01013705
01013706
01013707
01013708
01013709
01013710
01013711
01013712
01013713
01013714
01013731
01013732
01013733
01013734
01013735
01013737
01013738
01013739
01013740
01013741
01013742
01013760
01013761
01013763
01013764
01013765
01013766
01013767
01013768
01013769
01013778
01013780
01013781
01013799
01013801
01013802
01013803
01014261
01014292
01014394
01014395
01014396
01014397
01014398
01014418
01014419
01014420
01014421
01014422
01016622
01016647
01016648
01016663
01016776
01016777
01016778
01016779
01016780
01016781
01016784
01016788
01016789
01016792
01016795
01016797
01016798
01016799
01016802
01016810
01016811
01016812
01016813
01016814
01016815
01016821
01016822
01016823
01016825
01016828
01016830
01016831
01016832
01016838
01017413
01017417
01018216
01018217
01018243
01018250
01018263
01018264
01019891
01019892
01019893
01019894
01019925
01019926
01019927
01019928
01019929
01019930
01019931
01019932
01019971
01019972
01019973
01019974
01019975
01019976
01019977
01019978
01019979
01019980
01019981
01019982
01020001
01020002
01020003
01020005
01020006
01020043
01020044
01020049
01020566
01020567
01020588
01020589
01020590
01024634
01024635
01024636
01026248
01027032
01027033
01027037
01027039
01027040
01027041
01027042
01027043
01027044
01027045
01027048
01027049
01027050
01027051
01027052
01027060
01027061
01027062
01027063
01027064
01027065
01027066
01027068
01027069
01027070
01027071
01027072
01027074
01027075
01027076
01027077
01027078
01027092
01027093
01027094
01027095
01027096
01027097
01027098
01027100
01028576
01028603
01028604
01028619
01028620
01028621
01028622
01028623
01028642
01028643
01028661
01028665
01028667
01028670
01028671
01028672
01028673
01028674
01028682
01028683
01028685
01028707
01028708
01028710
01028711
01028712
01028715
01028716
01029766
01029769
01029770
01029771
01029772
01029773
01029775
01029776
01029777
01029778
01029796
01029797
01029798
01029799
01029800
01029801
01029802
01029803
01029804
01029805
01029806
01029808
01029810
01029822
01029869
01029927
01030521
01030530
01030541
01030559
01030595
01030598
01030622
01030630
01030631
01030632
01030633
01030655
01030656
01030664
01030665
01030666
01030667
01030668
01030669
01030670
01030674
01030675
01030676
01030677
01030678
01030682
01030683
01030697
01030698
01030699
01030700
01030701
01030702
01030703
01030704
01030707
01030708
01030709
01030710
01030711
01030712
01030713
01032142
01032143
01032144
01032145
01032211
01032212
01032216
01032217
01032218
01032219
01032220
01032239
01032240
01032241
01032242
01032243
01032244
01032245
01032262
01032263
01032264
01032265
01032266
01032267
01033044
01033045
01033076
01033077
01033078
01033079
01033094
01033095
01033096
01033097
01033098
01033099
01033100
01033101
01033102
01033103
01033104
01033105
01033106
01033107
01033108
01033109
01033110
01033112
01033120
01033121
01033122
01033127
01033128
01033129
01033130
01033131
01033132
01033133
01033134
01033135
01033136
01033137
01033937
01033938
01033939
01033940
01033941
01033942
01033953
01033954
01033955
01033956
01033957
01033958
01033959
01033986
01033987
01033988
01033989
01033996
01033997
01033998
01033999
01034000
01034001
01034002
01034026
01034036
01034037
01034038
01034040
01034041
01034042
01034735
01034762
01034765
01034766
01034767
01034769
01034770
01034771
01034779
01034781
01034782
01034783
01034784
01034785
01034786
01034787
01034788
01034789
01034791
01034820
01034821
01034834
01034846
01034847
01035556
01036413
01036433
01036443
01036444
01036445
01036469
01036474
01036475
01036504
01036508
01036509
01036510
01036511
01036540
01036541
01037330
01037341
01037342
01037343
01038170
01038205
01038206
01038210
01038211
01038212
01038213
01038214
01038215
01038216
01038217
01038218
01038219
01038221
01038222
01038223
01038230
01038231
01038237
01038997
01038999
01039001
01039003
01039006
01039015
01039022
01039023
01039028
01039029
01039915
01039916
01039917
01039918
01039920
01039921
01039922
01039923
01039924
01039925
01039926
01039927
01039928
01039929
01039930
01039931
01039932
01039933
01039934
01039937
01039948
01039949
01039954
01039955
01039956
01039957
01039958
01039959
01039960
01039961
01039962
01039963
01039965
01040008
01040729
01040730
01040733
01040734
01040736
01040757
01040758
01040759
01040761
01040764
01041598
01041599
01041602
01041603
01041604
01041606
01041699
01041700
01041701
01041707
01041742
01041743
01041744
01042416
01042421
01042451
01042546
01042547
01042548
01042549
01042550
01042551
01042552
01042553
01042556
01042590
01043259
01043263
01043264
01043268
01043269
01043299
01043300
01043301
01043302
01043303
01043304
01044102
01044112
01044130
01044141
01044142
01044143
01044144
01044145
01045023
01045122
01045123
01045804
01045810
01045811
01045814
01045815
01045821
01045822
01045848
01045849
01045850
01045851
01045861
01045910
01045911
01045912
01045913
01045914
01045915
01045924
01045943
01045944
01046586
01046589
01046616
01047454
01047459
01047470
01047471
01047472
01047473
01047474
01047475
01047482
01047483
01047484
01048386
01048387
01048388
01048389
01048390
01048391
01049266
01049267
01049301
01049303
01049304
01049305
01049306
01049322
01049323
01049324
01049325
01049326
01049327
01049328
01049329
01049330
01049331
01049332
01049333
01049334
01049335
01049336
01049353
01049354
01049355
01049356
01049357
01049358
01049359
01049361
01049362
01049363
01049364
01049365
01049366
01049367
01049368
01049369
01049370
01049371
01049376
01049378
01049379
01049380
01049381
01049397
01049398
01049399
01049423
01049424
01051935
01051936
01051947
01052843
01052852
01052861
01052882
01052883
01052884
01052885
01052886
01052887
01052888
01052889
01052890
01052891
01052893
01052894
01052895
01052901
01052902
01052920
01052921
01052922
01052923
01052924
01052925
01052935
01052937
01052938
01052939
01052940
01052941
01052942
01053724
01053725
01053726
01053727
01053760
01053761
01053762
01053794
01053795
01053796
01053797
01053798
01053799
01053800
01053801
01053823
01053825
01053826
01055539
01055547
01055548
01056404
01056405
01056406
01056407
01056408
01056409
01056410
01056411
01056412
01056413
01056414
01056415
01056428
01057358
01057359
01057360
01057361
01057401
01059130
01061029
01061043
01061070
01061071
01061072
01061073
01061074
01061075
01061078
01061079
01061087
01061088
01061104
01061105
01061106
01061153
01061994
01061995
01062033
01062034
01062035
01062036
01062037
01062041
01062042
01062043
01062044
01062045
01062920
01062926
01062927
01062929
01062944
01062958
01062959
01062960
01065742
01066687
01066719
01066732
01071042
01071044
01071060
01071061
01117618
01125991
01127037
01127087
01128099
01128100
01131080
01131081
01131082
01131083
01131084
01131091
01131092
01131094
01131115
01131116
01131117
01131118
01131119
01131120
01131127
01131129
01131236
01131237
01131238
01131239
01131243
01134272
01134280
01134283
01134289
01134290
01134299
01134300
01134302
01134303
01134304
01134308
01134309
01134310
01134311
01134319
01134320
01134338
01134349
01136033
01136044
01136052
01136053
01136054
01136055
01136080
01136082
01136083
01136085
01136091
01136093
01136104
01136112
01136113
01136114
01136115
01136116
01136119
01136120
01136121
01136128
01138074
01138076
01138103
01138104
01138111
01138112
01138129
01138133
01138134
01138135
01138136
01138137
01138138
01138139
01138140
01138141
01138143
01138144
01138145
01138154
01138155
01138156
01138157
01138158
01138159
01138165
01138166
01138167
01138168
01138169
01138170
01138175
01138176
01138177
01138178
01138203
01139327
01139328
01140237
01140240
01140272
01140273
01140274
01140305
01140306
01140307
01140308
01141193
01141194
01141195
01141196
01141197
01141198
01141199
01141216
01141231
01141232
01141233
01141234
01141235
01141236
01141237
01141238
01141239
01141245
01141246
01141247
01141248
01141249
01141250
01141251
01141252
01141253
01141254
01141255
01141256
01141257
01141260
01141261
01141262
01141263
01141264
01141265
01141266
01141267
01141268
01141270
01141271
01141272
01141273
01141274
01141275
01141276
01141277
01141278
01141279
01141280
01141281
01141282
01141283
01141284
01141285
01141288
01141289
01141290
01141299
01144297
01144307
01144308
01145151
01145163
01145164
01145165
01145166
01145167
01145168
01145186
01145198
01145199
01145200
01145201
01145202
01145203
01145204
01145210
01145211
01145212
01145213
01145214
01145215
01145216
01145217
01145218
01145239
01145245
01145246
01145247
01145248
01145249
01145250
01145251
01145252
01145253
01145254
01145255
01145266
01145267
01145268
01145294
01145295
01145296
01145306
01145307
01145308
01145348
01148138
01148139
01148140
01148141
01148142
01148146
01148147
01148149
01148182
01148183
01148184
01148185
01148186
01148192
01148193
01148194
01148195
01148232
01148276
01150143
01150144
01150145
01150176
01150177
01150178
01151122
01151135
01151136
01151332
01151333
01151360
01151374
01151375
01151376
01151377
01151378
01151379
01151380
01151382
01151383
01151387
01151388
01151389
01151390
01151391
01151392
01151393
01151395
01153284
01153314
01153315
01154191
01154192
01154193
01154194
01154195
01154196
01154197
01154198
01154199
01154200
01154204
01154205
01154222
01154223
01154224
01154225
01154226
01154227
01154228
01154236
01154237
01154238
01154239
01154240
01154279
01154280
01154308
01154309
01154310
01154331
01154332
01154334
01154335
01154354
01154356
01154357
01155488
01155489
01155490
01155519
01155520
01155521
01155522
01155523
01155524
01155525
01155526
01155527
01155528
01155531
01155532
01155533
01155534
01155535
01155536
01155537
01155538
01155561
01155562
01155563
01155564
01155565
01155566
01155567
01155568
01155569
01155572
01155573
01155574
01155575
01155576
01155577
01155578
01155579
01155580
01155581
01155582
01155583
01155584
01155619
01155620
01155621
01155622
01155623
01155624
01155625
01155650
01156591
01156600
01156743
01156744
01157551
01157595
01157610
01157611
01157612
01157613
01157614
01157620
01157621
01157650
01157651
01157652
01157653
01157655
01157656
01157657
01157689
01157690
01157691
01157692
01157693
01157694
01157695
01157696
01157697
01157699
01157700
01157701
01157702
01158507
01158519
01158520
01158521
01158533
01158534
01158554
01158555
01158556
01158557
01159702
01160436
01160437
01160438
01160443
01160444
01160445
01160446
01160454
01160455
01160456
01160457
01160486
01160487
01160525
01160536
01160537
01160538
01160539
01160540
01160541
01160542
01160543
01160549
01160550
01160551
01160578
01160579
01160580
01160581
01160582
01160583
01160584
01160585
01160587
01160588
01161449
01161450
01161451
01161452
01161453
01161454
01161455
01161456
01161472
01161473
01161474
01161475
01161476
01161477
01161478
01161479
01161485
01161487
01161488
01161489
01161490
01161491
01161492
01161493
01161562
01162302
01162429
01162430
01162432
01162433
01162434
01162435
01162436
01162437
01162438
01162439
01162440
01162441
01162442
01162450
01162451
01162452
01162453
01162454
01162455
01162456
01162457
01162459
01162491
01162492
01162493
01162494
01162495
01162496
01162497
01162503
01162504
01162505
01162506
01162507
01162508
01162509
01162510
01162511
01162512
01162513
01162514
01162515
01162535
01162536
01162563
01162564
01162565
01162566
01162567
01162568
01162569
01162585
01162586
01162587
01162588
01162589
01162590
01162591
01162592
01162594
01162595
01162596
01162598
01162599
01162601
01162602
01162611
01162612
01162634
01164074
01164075
01164111
01164115
01164116
01164130
01164134
01165688
01165689
01165690
01165691
01165692
01165693
01165694
01165695
01165696
01165702
01165703
01165704
01165705
01165706
01165707
01165708
01165709
01165710
01165711
01165712
01165713
01165727
01165728
01165729
01165730
01165731
01165732
01165733
01165734
01165735
01165736
01165737
01165738
01165739
01165740
01165741
01165742
01165762
01165763
01165764
01165765
01165766
01165767
01165768
01165769
01165770
01165771
01165772
01165773
01165776
01165784
01165785
01165786
01165787
01165788
01165800
01165801
01165802
01165803
01165804
01165805
01165806
01165807
01165808
01165809
01165810
01165818
01165819
01165820
01165821
01165822
01165823
01165824
01165834
01165835
01165836
01165837
01165838
01165839
01165843
01165844
01165845
01165846
01165847
01165848
01165850
01165855
01165856
01165858
01165859
01165868
01165869
01165870
01165871
01165872
01165873
01165877
01165879
01165880
01165881
01165883
01165894
01165897
01165898
01165899
01165900
01165907
01165914
01165915
01165916
01165917
01165918
01165955
01165956
01165957
01165958
01165969
01165975
01165976
01165977
01165978
01165979
01165980
01166722
01166723
01166757
01166758
01166840
01166916
01166917
01168165
01168166
01168167
01168168
01168169
01168170
01168171
01168172
01168173
01168174
01168175
01168176
01168177
01168178
01168179
01168180
01168181
01168182
01168183
01168184
01168185
01168186
01168187
01168188
01168189
01168190
01168197
01168198
01168199
01168200
01168203
01168204
01168205
01168206
01168207
01168208
01168209
01168210
01168211
01168212
01168213
01168214
01168215
01168216
01168217
01168218
01168219
01168223
01168260
01168261
01168262
01168263
01168264
01168265
01168266
01168268
01168269
01168270
01168271
01168272
01168273
01168274
01168275
01168276
01168277
01168278
01168279
01168280
01168281
01168282
01168283
01168284
01168285
01168286
01168287
01168288
01168289
01168292
01168293
01168294
01168295
01168296
01168297
01168298
01168299
01168300
01168301
01168302
01168309
01168310
01168311
01168312
01168313
01168314
01168315
01168316
01168344
01168346
01168362
01168363
01168364
01168365
01168366
01168367
01168387
01168392
01168393
01168396
01168401
01169096
01169097
01169098
01169099
01169100
01169101
01169102
01169103
01169104
01169105
01169106
01169107
01169108
01169109
01169110
01169111
01169112
01169113
01169114
01169115
01169213
01169214
01169215
01169216
01169217
01169218
01169219
01169220
01169221
01169222
01169223
01169224
01169225
01169226
01169227
01169228
01169229
01169230
01169231
01169232
01169253
01169254
01169261
01169262
01169263
01169264
01169265
01169266
01169267
01169268
01169269
01169270
01169271
01169272
01169273
01169274
01169275
01169276
01169277
01169295
01169320
01169328
01169361
01169946
01169954
01169955
01169956
01169958
01169959
01169960
01169961
01169962
01169963
01169966
01169967
01169990
01169991
01169992
01169993
01169994
01169995
01169996
01169997
01169998
01169999
01170000
01170001
01170002
01170003
01170004
01170005
01170006
01170007
01170008
01170009
01170010
01170013
01170015
01170019
01170020
01170021
01170022
01170027
01170049
01170050
01170051
01170052
01170053
01170088
01170092
01170093
01170094
01170095
01170111
01170830
01170831
01170832
01170833
01170834
01170835
01170836
01170837
01170838
01170839
01170840
01170841
01170842
01170843
01170844
01170845
01170846
01170847
01170848
01170849
01170850
01170851
01170852
01170853
01170854
01170855
01170856
01170857
01170858
01170859
01170860
01170861
01170862
01170863
01170864
01170865
01170866
01170867
01170868
01170869
01170870
01170871
01170872
01170873
01170874
01170875
01170876
01170877
01170878
01170879
01170880
01170881
01170882
01170883
01170884
01170885
01170886
01170887
01170888
01170889
01170890
01170891
01170892
01170893
01170894
01170895
01170896
01170897
01170898
01170899
01170900
01170901
01170902
01170903
01170904
01170905
01170906
01170907
01170908
01170909
01170910
01170911
01170912
01170913
01170914
01170915
01170916
01170917
01170918
01170919
01170920
01170921
01170922
01170923
01170924
01170925
01171790
01171791
01171792
01171793
01171794
01171795
01171796
01171800
01171801
01171802
01171803
01171832
01171833
01171834
01171835
01171836
01171840
01171841
01171842
01171843
01171844
01171853
01171854
01171855
01171888
01171889
01171890
01172733
01172734
01172735
01172736
01172774
01172775
01172776
01172777
01172876
01172962
01172963
01172967
01172983
01172992
01172993
01172996
01172997
01173504
01173505
01173506
01173507
01173508
01173509
01173510
01173511
01173512
01173513
01173514
01173515
01173516
01173517
01173518
01173519
01173520
01173521
01173522
01173523
01173524
01173525
01173526
01173527
01173528
01173529
01173530
01173531
01173532
01173533
01173534
01173535
01173536
01173537
01173538
01173539
01173540
01173541
01173542
01173543
01173544
01173545
01173546
01173547
01173548
01173549
01173550
01173551
01173552
01173553
01173554
01173555
01173556
01173557
01173558
01173559
01173560
01173561
01173562
01173563
01173564
01173565
01173566
01173567
01173568
01173569
01173570
01173571
01173572
01173573
01173574
01173575
01173576
01173577
01173578
01173579
01173580
01173581
01173582
01173583
01173584
01173585
01173586
01173587
01173588
01173589
01173590
01173591
01173592
01173593
01173594
01173595
01173596
01173597
01173598
01173599
01173634
01173674
01173675
01173715
01173717
01173719
01173720
01173723
01173724
01173725
01173726
01173727
01173728
01173729
01173762
01173763
01173764
01173768
01173772
01173773
01173774
01173775
01173776
01173777
01173783
01173799
01173809
01173810
01174344
01174345
01174346
01174347
01174348
01174349
01174350
01174351
01174352
01174353
01174354
01174372
01174373
01174374
01174375
01174376
01174377
01174378
01174379
01174380
01174381
01174384
01174385
01174386
01174387
01174388
01174389
01174390
01174391
01174392
01174393
01174394
01174395
01174396
01174397
01174406
01174407
01174408
01174411
01174412
01174417
01174418
01174419
01174420
01174421
01174422
01174423
01174424
01174425
01174426
01174430
01174431
01174432
01174433
01174434
01174442
01174443
01174445
01174446
01174456
01174460
01174461
01174462
01174463
01174464
01174465
01174466
01174467
01174468
01174469
01174470
01174471
01174472
01174474
01174475
01174508
01174509
01174510
01174511
01174512
01174513
01174514
01174515
01174516
01174519
01174551
01174552
01174553
01174554
01174555
01174556
01174557
01174558
01174560
01174562
01174584
01174585
01174586
01174587
01174588
01174589
01174590
01174591
01174593
01174608
01174609
01175308
01175309
01175348
01175349
01175394
01175395
01175396
01175435
01175436
01175437
01175438
01175451
01175452
01175453
01175470
01175493
01176105
01176106
01176135
01176136
01176137
01176138
01176139
01176140
01176141
01176146
01176147
01176148
01176149
01176150
01176151
01176152
01176153
01176154
01176155
01176156
01176157
01176158
01176159
01176160
01176161
01176162
01176163
01176164
01176165
01176172
01176173
01176194
01176195
01176196
01176197
01176198
01176199
01176208
01176209
01176210
01176230
01176231
01176232
01176233
01176236
01176237
01176238
01176239
01176240
01176241
01176242
01176243
01176245
01176246
01176247
01176248
01176249
01176250
01176251
01176252
01176253
01176257
01176258
01176259
01176263
01176271
01176278
01176279
01176280
01176298
01176299
01176300
01176301
01176302
01176303
01176304
01176512
01176513
01176514
01176515
01176516
01176517
01176518
01176519
01176520
01176521
01176522
01176523
01176524
01176525
01176526
01176527
01176528
01176529
01176530
01176531
01176532
01176533
01176534
01176535
01176536
01176537
01176538
01176539
01176540
01176541
01176542
01176543
01176544
01176545
01176546
01176547
01176548
01176549
01176550
01176551
01176552
01176553
01176554
01176555
01176556
01176557
01176558
01176559
01176560
01176561
01176562
01176563
01176564
01176565
01176566
01176567
01176568
01176569
01176570
01176571
01176572
01176573
01176574
01176575
01176576
01176577
01176978
01176979
01176992
01176995
01176996
01176997
01176998
01176999
01177000
01177001
01177002
01177012
01177013
01177014
01177015
01177017
01177018
01177033
01177034
01177035
01177036
01177037
01177038
01177143
01177144
01177145
01177148
01177159
01177160
01177161
01177162
01177163
01177164
01177165
01177166
01177167
01177168
01177169
01177174
01177175
01177176
01177177
01177178
01177284
01177434
01177435
01178286
01178287
01178288
01178323
01178324
01178334
01178340
01178341
01178846
01178855
01178856
01178857
01178897
01178898
01178899
01178900
01178901
01178902
01178903
01178904
01178911
01178912
01178913
01178914
01178915
01178916
01178917
01178921
01178922
01178923
01178924
01178925
01178926
01178927
01178932
01178933
01178934
01178935
01178977
01179119
01179120
01179121
01179122
01179124
01179125
01179129
01179130
01179213
01179994
01179995
01180040
01180041
01180079
01180080
01180104
01180455
01180456
01180527
01180528
01180529
01180530
01180531
01180579
01180580
01180581
01180582
01180583
01180892
01180893
01180894
01180895
01180919
01180920
01180921
01180922
01180923
01180933
01180934
01181556
01181557
01181558
01181559
01181560
01181561
01181562
01181563
01181564
01181565
01181566
01181567
01181568
01181569
01181570
01181571
01181572
01181573
01181574
01181575
01181576
01181577
01181578
01181579
01181580
01181581
01181582
01181583
01181584
01181585
01181586
01181587
01181588
01181589
01181590
01181591
01181592
01181593
01181594
01181595
01181596
01181597
01181598
01181599
01181600
01181601
01181602
01181603
01181604
01181605
01181606
01181607
01181608
01181609
01181610
01181611
01181612
01181613
01181614
01181615
01181616
01181617
01181618
01181619
01181620
01181621
01181622
01181623
01181624
01181625
01181626
01181627
01181628
01181629
01181630
01181631
01181632
01181633
01181634
01181635
01181636
01181637
01181638
01181639
01181640
01181641
01181642
01181643
01181644
01181645
01181646
01181647
01181648
01181649
01181650
01181651
01181652
01181653
01181654
01181655
01181708
01181709
01181710
01181711
01181742
01182358
01182359
01182360
01182361
01182408
01182409
01182410
01182423
01182424
01182425
01182458
01182461
01182462
01182463
01182464
01182465
01182466
01182467
01182468
01182469
01182470
01182471
01182472
01182478
01182518
01182519
01182521
01182523
01182525
01182526
01182527
01182587
01182628
01182629
01182630
01182631
01182632
01182633
01182634
01182644
01182645
01182646
01182647
01182648
01182649
01182650
01182653
01182654
01182656
01182657
01182658
01182659
01182660
01182661
01182662
01182663
01182664
01182665
01182666
01183254
01183255
01183281
01183929
01183930
01183931
01183932
01183933
01183934
01183935
01183936
01183937
01183938
01183939
01183940
01183941
01183942
01183943
01183944
01183945
01183946
01183947
01183948
01183949
01183950
01183951
01183952
01183953
01183954
01183955
01183956
01183957
01183958
01183959
01183960
01183961
01183962
01183963
01183964
01183965
01183966
01183967
01183968
01183969
01183970
01183971
01183972
01183973
01183974
01183975
01183976
01183977
01183978
01183979
01183980
01183981
01183982
01183983
01183984
01183985
01183986
01183987
01183988
01183989
01183990
01183991
01183992
01183993
01183994
01183995
01183996
01183997
01183998
01183999
01184000
01184001
01184002
01184003
01184004
01184005
01184006
01184007
01184008
01184009
01184010
01184011
01184012
01184013
01184014
01184015
01184016
01184017
01184018
01184019
01184020
01184021
01184022
01184023
01184024
01184362
01184830
01184831
01184832
01184833
01184834
01184864
01184865
01184866
01184867
01184868
01184910
01184917
01184926
01184927
01184952
01184953
01184957
01184965
01184968
01184969
01184970
01184971
01184972
01184973
01184974
01184978
01184979
01184980
01184981
01184982
01184983
01184984
01185006
01185007
01185008
01185009
01185010
01185011
01185013
01185019
01185020
01185021
01185022
01185023
01185024
01185057
01185058
01185060
01185068
01185069
01185070
01185071
01185072
01185073
01185088
01185089
01185095
01185096
01185097
01185099
01185107
01185108
01185109
01185110
01185111
01185122
01185123
01185124
01185125
01185145
01185146
01185147
01185148
01185149
01185150
01185151
01185158
01185159
01185160
01185161
01185183
01185184
01185185
01185186
01185187
01185193
01185194
01185195
01185196
01185197
01185198
01185200
01185201
01185202
01185203
01185204
01185205
01185206
01185207
01185208
01185615
01185616
01185617
01185618
01185620
01185657
01185658
01185659
01185660
01185662
01185706
01185738
01185847
01185848
01185849
01185850
01185851
01185852
01185853
01185854
01185855
01185856
01185885
01185886
01185887
01185888
01185889
01185890
01185891
01185892
01185893
01185894
01185997
01186031
01186053
01186054
01186055
01186056
01186057
01186058
01186059
01186060
01186061
01186062
01186063
01186064
01186065
01186066
01186067
01186068
01186069
01186070
01186087
01186097
01186098
01186102
01186110
01186493
01186494
01186495
01186496
01186497
01186498
01186499
01186500
01186501
01186502
01186503
01186504
01186505
01186506
01186507
01186508
01186509
01186510
01186511
01186512
01186513
01186571
01186577
01186578
01186579
01186580
01186586
01186587
01186588
01186589
01186590
01186591
01186592
01186593
01186594
01186595
01186596
01186597
01186598
01186599
01186600
01186601
01186602
01186603
01186604
01186605
01186606
01186607
01186613
01186614
01186615
01186616
01186834
01186870
01186912
01186913
01186919
01186950
01186951
01187311
01187370
01187371
01187372
01187373
01187374
01187375
01187376
01187377
01187378
01187379
01187380
01187381
01187382
01187383
01187384
01187385
01187386
01187387
01187388
01187389
01187390
01187391
01187392
01187393
01187394
01187395
01187396
01187397
01187398
01187399
01187401
01187402
01187403
01187404
01187405
01187406
01187407
01187408
01187409
01187410
01187436
01187438
01187439
01187440
01187441
01187442
01187443
01187444
01187445
01187449
01187451
01187453
01187454
01187455
01187456
01187457
01187458
01187459
01187460
01187461
01187462
01187463
01187464
01187465
01187467
01187468
01187469
01187510
01187516
01187517
01187521
01187522
01187523
01187524
01187629
01188216
01188217
01188220
01188221
01188222
01188223
01188224
01188225
01188226
01188227
01188228
01188230
01188231
01188232
01188233
01188234
01188235
01188236
01188237
01188238
01188239
01188240
01188241
01188242
01188243
01188244
01188245
01188246
01188247
01188248
01188249
01188251
01188271
01188272
01188273
01188274
01188275
01188276
01188277
01188278
01188279
01188280
01188281
01188282
01188283
01188297
01188298
01188299
01188300
01188301
01188302
01188306
01188307
01188308
01188309
01188310
01188318
01188319
01188320
01188321
01188322
01188327
01188335
01188336
01188337
01188343
01188345
01188347
01188349
01188351
01188357
01188358
01188359
01188360
01188361
01188365
01188366
01188367
01188368
01188369
01188372
01188373
01188374
01188375
01188376
01188377
01188378
01188379
01188380
01188381
01188382
01188390
01188394
01188395
01188396
01188397
01188398
01188400
01188401
01188402
01188403
01188404
01188405
01188406
01188407
01188410
01188421
01188422
01188423
01188424
01188453
01188511
01188512
01188513
01188539
01188566
01188567
01188569
01188570
01188640
01188641
01188644
01188646
01188672
01189028
01189029
01189030
01189031
01189032
01189033
01189034
01189035
01189036
01189037
01189038
01189039
01189040
01189041
01189042
01189043
01189044
01189045
01189046
01189047
01189050
01189070
01189071
01189072
01189073
01189074
01189075
01189084
01189101
01189102
01189103
01189104
01189105
01189106
01189107
01189108
01189109
01189110
01189112
01189113
01189114
01189138
01189139
01189140
01189141
01189143
01189144
01189145
01189146
01189147
01189148
01189149
01189171
01189172
01189182
01189183
01189184
01189211
01189212
01189351
01189352
01189353
01189354
01189355
01189356
01189357
01189381
01189383
01189384
01189385
01189386
01189387
01189388
01189409
01189426
01189427
01189462
01189463
01189464
01189465
01189829
01189830
01189831
01189832
01189833
01189834
01189835
01189836
01189837
01189838
01189839
01189840
01189841
01189842
01189843
01189844
01189845
01189846
01189847
01189848
01189943
01189944
01189945
01189946
01189948
01189949
01189950
01189951
01189952
01189953
01189954
01189973
01189974
01189975
01189976
01189978
01189979
01189980
01189981
01189982
01189983
01189984
01189985
01190300
01190305
01190306
01190307
01190657
01190658
01190659
01190660
01190661
01190662
01190663
01190664
01190665
01190666
01190667
01190668
01190669
01190670
01190671
01190672
01190673
01190674
01190675
01190676
01190715
01190716
01190717
01190718
01190719
01190720
01190721
01190722
01190723
01190724
01190725
01190726
01190755
01190756
01190757
01190758
01190759
01190760
01190761
01190762
01190763
01190764
01190765
01190766
01190767
01190768
01190777
01190778
01190780
01190781
01190782
01190783
01190810
01190811
01190812
01190813
01190814
01190815
01190816
01190817
01191226
01191227
01191228
01191229
01191230
01191231
01191232
01191233
01191234
01191235
01191236
01191237
01191238
01191239
01191240
01191241
01191242
01191243
01191244
01191245
01192098
01192099
01192101
01192102
01192103
01192104
01192125
01192126
01192127
01192128
01192132
01192133
01192137
01192138
01192139
01192140
01192141
01192142
01192143
01192150
01192151
01192152
01192153
01192154
01192173
01192174
01192175
01192176
01192179
01192180
01192181
01192185
01192186
01192187
01192188
01192189
01192190
01192194
01192195
01192197
01192204
01192205
01192238
01192247
01192248
01192249
01192250
01192251
01192252
01192287
01192288
01192289
01192290
01192320
01192321
01192506
01192507
01192510
01192511
01192852
01192889
01192892
01192893
01192924
01192925
01192937
01192938
01192939
01192940
01192941
01192942
01192943
01192944
01192945
01192946
01192947
01192948
01192949
01192950
01192951
01192963
01192964
01192965
01192966
01192967
01192968
01192974
01192975
01192976
01192977
01192978
01192979
01192980
01192981
01192982
01192983
01192987
01192988
01192989
01192990
01192991
01192992
01192994
01193011
01193022
01193023
01193024
01193025
01193026
01193027
01193029
01193046
01193073
01193075
01193102
01193113
01193114
01193115
01193116
01193632
01193633
01193634
01193662
01193664
01193665
01193688
01193690
01193691
01193692
01193693
01193694
01193695
01193696
01193697
01193698
01193699
01193700
01193701
01193702
01193703
01193704
01193725
01193726
01193727
01193728
01193729
01193730
01193731
01193732
01193733
01193734
01193735
01193736
01193737
01193738
01193739
01193751
01193752
01193753
01193754
01193760
01193776
01193777
01193779
01193780
01193787
01193788
01193835
01193846
01193847
01193888
01193889
01193898
01193899
01193908
01193909
01193910
01193911
01193912
01193913
01193914
01193915
01193916
01193917
01193918
01193919
01193920
01193921
01193922
01193923
01193949
01193954
01193956
01193957
01193958
01193959
01193960
01193961
01193962
01193963
01193964
01193965
01193966
01193967
01193968
01193969
01193970
01194139
01194149
01194152
01194160
01194511
01194512
01194513
01194514
01194515
01194516
01194517
01194518
01194519
01194520
01194521
01194522
01194523
01194524
01194525
01194526
01194527
01194528
01194529
01194530
01194531
01194532
01194533
01194534
01194535
01194536
01194537
01194538
01194539
01194540
01194541
01194542
01194543
01194544
01194545
01194546
01194547
01194548
01194549
01194550
01194551
01194552
01194553
01194554
01194555
01194556
01194557
01194558
01194559
01194560
01194561
01194562
01194563
01194564
01194565
01194566
01194567
01194568
01194569
01194570
01194571
01194572
01194573
01194574
01194575
01194576
01194577
01194578
01194579
01194580
01194581
01194582
01194583
01194584
01194585
01194586
01194587
01194588
01194589
01194590
01194591
01194592
01194593
01194594
01194595
01194596
01194597
01194598
01194599
01194600
01194601
01194602
01194603
01194604
01194605
01194606
01194622
01194623
01194624
01194630
01194631
01194632
01194633
01194634
01194635
01194636
01194651
01194652
01194653
01194654
01194657
01194658
01194659
01194660
01194661
01194667
01194668
01194915
01194916
01195285
01195286
01195297
01195298
01195299
01195300
01195302
01195308
01195309
01195310
01195311
01195312
01195313
01195314
01195315
01195316
01195317
01195318
01195319
01195320
01195331
01195332
01195333
01195334
01195342
01195343
01195347
01195348
01195349
01195350
01195351
01195352
01195353
01195354
01195355
01195377
01195416
01196154
01196209
01196249
01196252
01196264
01196313
01196314
01196315
01196316
01196317
01196359
01196360
01196361
01196362
01196401
01196402
01196403
01196404
01196405
01196406
01196407
01196408
01196449
01196450
01196451
01196452
01196453
01196454
01196455
01196456
01196457
01196458
01196459
01196460
01196461
01196462
01196463
01196464
01196465
01196466
01196467
01196468
01196499
01196500
01196501
01196506
01196523
01196528
01196530
01196882
01196883
01196884
01196885
01196886
01196887
01196888
01196889
01196890
01196891
01196892
01196893
01196894
01196895
01196896
01196897
01196898
01196899
01196900
01196901
01196902
01196903
01196904
01196905
01196906
01196907
01196908
01196909
01196910
01196911
01196912
01196913
01196914
01196915
01196916
01196917
01196918
01196919
01196920
01196921
01196922
01196923
01196924
01196925
01196926
01196927
01196928
01196929
01196930
01196931
01196932
01196933
01196934
01196935
01196936
01196937
01196938
01196939
01196940
01196941
01196942
01196943
01196944
01196945
01196946
01196947
01196948
01196949
01196950
01196951
01196952
01196953
01196954
01196955
01196956
01196957
01196958
01196959
01196960
01196961
01196962
01196963
01196964
01196965
01196966
01196967
01196968
01196969
01196970
01196971
01196972
01196973
01196974
01196975
01196976
01196977
01197596
01197597
01197598
01197607
01197608
01197609
01197610
01197611
01197612
01197613
01197616
01197617
01197619
01197620
01197621
01197622
01197634
01197635
01197636
01197648
01197650
01197651
01197652
01197653
01197654
01197655
01197665
01197666
01197667
01197668
01197669
01197670
01197692
01197719
01197720
01197728
01197729
01197730
01197731
01197732
01197758
01197759
01197760
01197761
01197762
01197763
01197787
01197811
01197812
01197813
01197814
01197815
01197816
01197817
01197818
01197821
01197822
01197823
01197824
01197825
01197826
01197827
01197845
01197848
01197849
01197850
01197851
01197852
01197853
01197854
01197855
01197856
01197857
01197858
01197859
01197860
01197862
01197863
01197864
01197874
01197878
01197879
01197880
01197881
01197882
01197883
01197903
01197906
01197907
01197911
01197912
01197942
01197943
01197944
01197945
01197947
01197948
01197986
01197987
01197990
01197992
01197993
01198392
01198393
01198394
01198406
01198407
01198408
01198409
01198410
01198411
01198412
01198413
01198414
01198415
01198416
01198431
01198432
01198433
01198435
01198436
01198437
01198438
01198439
01198440
01198451
01198452
01198453
01198454
01198455
01198456
01198457
01198465
01198466
01198467
01198468
01198469
01198470
01198471
01198472
01198475
01198476
01198477
01198478
01198479
01198480
01198492
01198497
01198498
01198499
01198500
01198501
01198502
01198503
01198504
01198505
01198507
01198508
01198509
01198510
01198511
01198512
01198513
01198516
01198517
01198518
01198526
01198541
01198542
01198543
01198544
01198545
01198546
01198547
01198548
01198549
01198550
01198551
01198552
01198553
01198554
01198555
01198556
01198557
01198558
01198559
01198560
01198561
01198562
01198563
01198564
01198565
01198566
01198567
01198568
01198569
01198570
01198571
01198572
01198573
01198574
01198575
01198576
01198577
01198578
01198579
01198580
01198581
01198582
01198583
01198584
01198585
01198586
01198587
01198588
01198589
01198590
01198591
01198592
01198593
01198594
01198595
01198596
01198597
01198598
01198599
01198600
01198601
01198602
01198603
01198604
01198605
01198606
01198607
01198608
01198609
01198610
01198611
01198612
01198613
01198614
01198615
01198616
01198617
01198618
01198619
01198620
01198621
01198622
01198623
01198624
01198625
01198626
01198627
01198628
01198629
01198630
01198631
01198632
01198633
01198634
01198635
01198636
01198715
01198733
01198734
01198774
01198803
01198804
01198805
01198806
01198809
01198810
01198811
01198812
01198813
01198814
01198816
01198817
01198818
01198819
01198821
01198822
01198823
01198824
01198825
01198826
01198827
01198828
01198829
01198830
01198831
01198832
01198840
01198841
01198842
01198843
01198844
01198845
01198846
01198847
01198848
01198849
01198850
01198851
01198853
01198854
01198855
01198856
01198857
01198858
01198859
01198860
01199153
01199154
01199155
01199156
01199173
01199187
01199188
01199189
01199190
01199191
01199193
01199194
01199195
01199208
01199209
01199210
01199211
01199212
01199213
01199225
01199226
01199227
01199228
01199229
01199230
01199231
01199232
01199233
01199234
01199235
01199236
01199237
01199238
01199239
01199240
01199241
01199245
01199246
01199247
01199248
01199249
01199259
01199260
01199262
01199263
01199264
01199265
01199266
01199267
01199270
01199271
01199272
01199275
01199276
01199277
01199278
01199279
01199280
01199284
01199285
01199286
01199287
01199288
01199289
01199290
01199291
01199295
01199297
01199298
01199299
01199300
01199301
01199302
01199303
01199304
01199305
01199306
01199311
01199318
01199319
01199320
01199349
01199350
01199351
01199353
01199354
01199355
01200013
01200014
01200015
01200016
01200050
01200051
01200052
01200053
01200093
01200094
01200095
01200120
01200121
01200125
01200126
01200150
01200151
01200152
01200153
01200154
01200184
01200185
01200186
01200264
01200300
01200312
01200315
01200316
01200344
01200345
01200346
01200359
01200361
01200362
01200405
01200406
01200407
01200783
01200836
01200837
01200838
01200839
01200841
01200842
01200843
01200844
01200845
01200846
01200847
01200848
01200849
01200850
01200858
01200859
01200860
01200861
01200862
01200879
01200880
01200881
01200883
01200884
01200885
01200886
01200887
01200898
01200899
01201778
01202853
01202888
01202889
01202924
01202925
01202926
01202927
01202928
01202929
01202930
01202931
01203190
01203191
01203192
01203193
01203194
01203195
01203196
01203197
01203198
01203199
01203200
01203201
01203202
01203203
01203204
01203205
01203206
01203207
01203208
01203209
01203210
01203211
01203212
01203213
01203214
01203215
01203216
01203217
01203218
01203219
01203220
01203221
01203222
01203223
01203224
01203225
01203226
01203227
01203228
01203229
01203230
01203231
01203232
01203233
01203234
01203235
01203236
01203237
01203238
01203239
01203240
01203241
01203242
01203243
01203244
01203245
01203246
01203247
01203248
01203249
01203250
01203251
01203252
01203253
01203254
01203255
01203256
01203257
01203258
01203259
01203260
01203261
01203262
01203263
01203264
01203265
01203266
01203267
01203268
01203269
01203270
01203271
01203272
01203273
01203274
01203275
01203276
01203277
01203278
01203279
01203280
01203281
01203282
01203283
01203284
01203285
01203387
01203388
01203389
01203390
01203391
01203392
01203393
01203416
01203418
01203419
01203420
01203421
01203422
01203423
01204004
01204005
01204006
01204007
01204008
01204009
01204010
01204011
01204012
01204013
01204014
01204015
01204016
01204017
01204018
01204019
01204020
01204021
01204022
01204023
01204024
01204025
01204026
01204027
01204028
01204029
01204030
01204031
01204032
01204033
01204034
01204035
01204036
01204037
01204038
01204039
01204040
01204041
01204042
01204043
01204044
01204045
01204046
01204047
01204048
01204049
01204050
01204051
01204052
01204053
01204054
01204055
01204056
01204057
01204058
01204059
01204060
01204061
01204062
01204063
01204064
01204065
01204066
01204067
01204068
01204069
01204070
01204071
01204072
01204073
01204074
01204075
01204076
01204077
01204078
01204079
01204080
01204081
01204082
01204083
01204084
01204085
01204086
01204087
01204088
01204089
01204090
01204091
01204092
01204093
01204094
01204095
01204096
01204097
01204098
01204099
01204534
01204572
01204574
01204924
01204925
01204926
01204927
01204928
01204929
01204930
01204931
01204932
01204933
01204934
01204935
01204936
01204937
01204938
01204939
01204940
01204941
01204942
01204943
01204950
01204957
01204958
01204984
01204985
01204986
01204987
01204988
01204989
01205011
01205012
01205013
01205014
01205015
01205016
01205018
01205032
01205374
01205378
01205422
01205426
01205926
01205928
01205965
01205971
01205978
01205980
01205981
01206029
01206031
01206032
01206077
01206079
01206080
01206081
01206082
01206083
01206084
01206085
01206086
01206087
01206088
01206125
01206126
01206127
01206128
01206129
01206130
01206131
01206132
01206133
01206134
01206135
01206136
01206139
01206140
01206173
01206174
01206428
01206429
01206430
01206431
01206432
01206433
01206434
01206435
01206436
01206437
01206459
01206467
01206468
01206469
01206470
01206471
01206472
01206474
01206478
01206479
01206480
01206481
01206482
01206483
01206484
01206507
01206508
01206509
01206510
01206511
01206512
01206513
01206515
01206516
01206517
01206545
01206546
01206547
01206548
01206549
01206550
01206551
01206552
01206553
01206554
01206590
01206591
01206597
01206598
01206600
01206927
01206964
01206965
01207302
01207303
01207311
01207415
01207416
01207476
01207477
01207478
01207479
01207480
01207481
01207482
01207483
01207484
01207485
01207489
01207505
01207507
01207509
01207510
01207511
01207512
01207513
01207514
01207515
01207516
01207517
01207526
01207527
01207530
01207531
01207548
01207955
01207956
01207957
01207958
01207959
01207960
01207961
01207962
01207963
01207964
01207965
01207966
01207967
01207968
01207969
01207970
01207971
01207972
01207973
01207974
01208179
01208180
01208181
01208182
01208183
01208184
01208185
01208186
01208187
01208188
01208189
01208190
01208191
01208192
01208193
01208194
01208195
01208196
01208197
01208198
01208199
01208200
01208201
01208202
01208203
01208204
01208205
01208206
01208207
01208208
01208209
01208210
01208211
01208212
01208213
01208214
01208215
01208216
01208217
01208218
01208219
01208220
01208221
01208222
01208223
01208224
01208225
01208226
01208227
01208228
01208229
01208230
01208231
01208232
01208233
01208234
01208235
01208236
01208237
01208238
01208239
01208240
01208241
01208242
01208243
01208244
01208245
01208246
01208247
01208248
01208249
01208250
01208251
01208252
01208253
01208254
01208255
01208256
01208257
01208258
01208259
01208260
01208261
01208262
01208263
01208264
01208265
01208266
01208267
01208268
01208269
01208270
01208271
01208272
01208273
01208274
01208460
01209037
01209040
01209043
01209044
01209045
01209046
01209047
01209048
01209082
01209083
01209084
01209085
01209086
01209087
01209088
01209094
01209095
01209121
01209123
01209125
01209126
01209128
01209129
01209133
01209134
01209135
01209136
01209137
01209138
01209139
01209140
01209141
01209142
01209168
01209175
01209176
01209178
01209181
01209182
01209184
01209185
01209186
01209191
01209192
01209200
01209215
01209216
01209217
01209218
01209262
01209263
01209264
01209360
01209361
01209406
01209408
01209609
01209610
01209663
01209664
01209667
01209673
01209674
01209677
01209678
01209679
01209680
01209684
01209685
01209686
01209687
01209696
01209697
01209709
01209710
01209711
01209712
01209722
01209723
01209724
01210179
01210311
01210312
01210313
01210314
01210315
01210316
01210317
01210318
01210319
01210320
01210321
01210322
01210323
01210324
01210325
01210326
01210327
01210328
01210329
01210330
01210331
01210332
01210333
01210334
01210335
01210336
01210337
01210338
01210339
01210340
01210341
01210342
01210343
01210344
01210345
01210346
01210347
01210348
01210349
01210350
01210351
01210352
01210353
01210354
01210355
01210356
01210357
01210358
01210359
01210360
01210361
01210362
01210363
01210364
01210365
01210366
01210367
01210368
01210369
01210370
01210371
01210372
01210373
01210374
01210375
01210376
01210377
01210378
01210379
01210380
01210381
01210382
01210383
01210384
01210385
01210386
01210387
01210388
01210389
01210390
01210391
01210392
01210393
01210394
01210395
01210396
01210397
01210398
01210399
01210400
01210401
01210402
01210403
01210404
01210405
01210406
01210602
01210603
01210633
01210634
01210666
01210667
01210669
01210703
01210707
01210850
01210851
01210881
01210958
01210959
01210960
01211013
01211014
01211212
01211245
01211247
01211299
01211323
01211374
01211375
01211674
01211705
01211728
01211742
01211743
01211744
01211745
01211770
01211772
01211773
01211774
01211788
01211797
01211798
01211799
01211816
01211818
01211827
01211828
01211829
01211850
01211851
01211852
01211853
01211854
01211855
01211856
01211858
01211859
01211860
01211861
01211862
01211863
01211874
01211875
01211876
01211877
01211878
01211879
01211880
01211889
01211890
01211891
01211892
01211893
01211894
01211895
01211896
01211905
01211906
01211914
01211915
01211916
01211939
01211955
01211956
01211957
01211958
01211959
01211960
01211961
01211962
01212001
01212002
01212003
01212004
01212005
01212006
01212007
01212008
01212009
01212010
01212011
01212012
01212056
01212058
01212059
01212060
01212108
01212153
01212342
01212488
01212489
01212490
01212491
01212492
01212493
01212494
01212495
01212496
01212497
01212498
01212499
01212500
01212501
01212502
01212503
01212504
01212505
01212506
01212507
01212508
01212509
01212510
01212511
01212512
01212513
01212514
01212515
01212516
01212517
01212518
01212519
01212520
01212521
01212522
01212523
01212524
01212525
01212526
01212527
01212528
01212529
01212530
01212531
01212532
01212533
01212534
01212535
01212536
01212537
01212538
01212539
01212540
01212541
01212542
01212543
01212544
01212545
01212546
01212547
01212548
01212549
01212550
01212551
01212552
01212553
01212554
01212555
01212556
01212557
01212558
01212559
01212560
01212561
01212562
01212563
01212564
01212565
01212566
01212567
01212568
01212569
01212570
01212571
01212572
01212573
01212574
01212575
01212576
01212577
01212578
01212579
01212580
01212581
01212582
01212583
01212610
01212611
01212612
01212614
01212615
01212616
01212617
01212618
01212643
01212645
01212647
01212648
01212649
01212650
01212679
01212680
01212684
01212729
01212738
01212746
01212791
01212792
01212793
01212825
01212826
01212827
01212833
01212834
01212835
01212859
01212860
01212874
01212875
01213024
01213025
01213028
01213064
01213065
01213066
01213067
01213068
01213069
01213070
01213071
01213072
01213073
01213169
01213170
01213171
01213172
01213183
01213184
01213205
01213206
01213207
01213208
01213226
01213227
01213228
01213229
01213230
01213245
01213246
01213247
01213248
01213249
01213250
01213251
01213252
01213253
01213254
01213255
01213256
01213257
01213258
01213259
01213276
01213277
01213278
01213279
01213280
01213281
01213295
01213296
01213297
01213298
01213299
01213306
01213307
01213308
01213342
01213343
01213344
01213730
01213732
01213957
01213960
01213993
01213995
01213996
01213997
01213998
01214054
01214641
01214642
01214643
01214644
01214645
01214648
01214649
01214650
01214651
01214652
01214653
01214654
01214655
01214656
01214657
01214658
01214659
01214660
01214705
01214706
01214707
01214708
01214709
01214710
01214711
01214712
01214713
01214714
01214715
01214716
01214717
01214718
01214719
01214720
01214721
01214722
01214723
01214724
01215368
01215415
01215416
01215417
01215418
01215459
01215460
01215461
01215462
01215467
01215468
01215469
01215470
01215471
01215472
01215512
01215515
01215516
01215517
01215518
01215519
01215520
01215546
01215547
01215548
01215549
01215589
01215590
01215591
01215634
01215636
01215637
01215638
01215639
01215640
01215641
01215642
01215643
01215644
01215672
01215674
01215675
01215676
01215677
01215678
01215679
01215680
01215681
01215682
01215940
01215941
01215942
01215943
01215944
01215945
01215946
01215947
01215948
01215949
01215950
01215951
01215952
01215953
01215954
01215955
01215956
01215957
01215958
01215959
01215960
01215961
01215962
01215963
01215964
01215965
01215966
01215967
01215968
01215969
01215970
01215971
01215972
01215973
01215974
01215975
01215976
01215977
01215978
01215979
01215980
01215981
01215982
01215983
01215984
01215985
01215986
01215987
01215988
01215989
01215990
01215991
01215992
01215993
01215994
01215995
01215996
01215997
01215998
01215999
01216000
01216001
01216002
01216003
01216004
01216005
01216006
01216007
01216008
01216009
01216010
01216011
01216012
01216013
01216014
01216015
01216016
01216017
01216018
01216019
01216020
01216021
01216022
01216023
01216024
01216025
01216026
01216027
01216028
01216029
01216030
01216031
01216032
01216033
01216034
01216035
01216141
01216142
01216143
01216144
01217057
01217089
01217102
01217104
01217105
01217106
01217107
01217108
01217124
01217125
01217131
01217132
01217133
01217134
01217140
01217141
01217142
01217143
01217144
01217145
01217146
01217147
01217148
01217149
01217150
01217151
01217152
01217153
01217176
01217177
01217178
01217179
01217180
01217181
01217182
01217183
01217184
01217185
01217186
01217187
01217188
01217193
01217194
01217195
01217196
01217197
01217198
01217199
01217203
01217204
01217205
01217216
01217217
01217218
01217224
01217225
01217226
01217227
01217228
01217229
01217230
01217231
01217232
01217234
01217235
01217304
01217311
01217313
01217966
01217967
01218007
01218016
01218058
01218063
01218092
01218093
01218094
01218115
01218116
01218117
01218118
01218119
01218120
01218121
01218122
01218123
01218124
01218125
01218126
01218127
01218128
01218129
01218130
01218131
01218132
01218133
01218134
01218135
01218136
01218137
01218138
01218139
01218140
01218141
01218142
01218143
01218144
01218145
01218146
01218147
01218148
01218149
01218150
01218151
01218152
01218153
01218154
01218155
01218156
01218157
01218158
01218159
01218160
01218161
01218162
01218163
01218164
01218165
01218166
01218167
01218168
01218169
01218170
01218171
01218172
01218173
01218174
01218175
01218176
01218177
01218178
01218179
01218180
01218181
01218182
01218183
01218184
01218185
01218186
01218187
01218188
01218189
01218190
01218191
01218192
01218193
01218194
01218195
01218196
01218197
01218198
01218199
01218200
01218201
01218202
01218203
01218204
01218205
01218206
01218207
01218208
01218209
01218210
01218330
01218331
01218332
01218333
01218334
01218335
01218361
01218363
01218364
01218365
01218392
01218395
01218407
01218408
01218434
01218437
01218455
01218473
01218474
01218475
01218476
01218477
01218482
01218483
01218484
01218485
01218486
01218487
01218488
01218489
01218490
01218491
01218492
01218493
01218500
01218501
01218502
01218503
01218512
01218513
01218514
01218515
01218516
01218517
01218518
01218519
01218520
01218521
01218522
01218523
01218532
01218533
01218534
01218535
01218536
01218537
01218538
01218543
01218544
01218545
01218546
01218547
01218548
01218551
01218552
01218553
01218554
01218555
01218557
01218558
01218559
01218560
01218561
01218567
01218568
01218569
01218570
01218580
01218581
01218582
01218583
01218585
01218586
01218587
01218588
01218589
01218590
01218591
01218595
01218596
01218606
01218607
01218609
01218613
01219347
01219380
01219500
01219530
01219531
01219532
01219850
01219886
01220258
01220259
01220260
01220261
01220262
01220263
01220264
01220265
01220266
01220267
01220268
01220269
01220270
01220271
01220272
01220273
01220274
01220275
01220276
01220277
01220278
01220279
01220280
01220281
01220282
01220283
01220284
01220285
01220286
01220287
01220288
01220289
01220290
01220291
01220292
01220293
01220294
01220295
01220296
01220297
01220298
01220299
01220300
01220301
01220302
01220303
01220304
01220305
01220306
01220307
01220308
01220309
01220310
01220311
01220312
01220313
01220314
01220315
01220316
01220317
01220318
01220319
01220320
01220321
01220322
01220323
01220324
01220325
01220326
01220327
01220328
01220329
01220330
01220331
01220332
01220333
01220334
01220335
01220336
01220337
01220338
01220339
01220340
01220341
01220342
01220343
01220344
01220345
01220346
01220347
01220348
01220349
01220350
01220351
01220352
01220353
01220933
01220940
01220945
01220964
01220965
01220966
01220967
01220968
01221223
01221264
01221269
01221618
01221624
01221625
01221660
01221664
01221665
01221666
01221667
01221668
01221669
01221889
01222528
01222529
01222530
01222531
01222532
01222548
01222549
01222550
01222551
01222552
01222553
01222554
01222555
01222556
01222586
01222587
01222588
01222589
01222590
01222591
01222592
01222593
01222594
01222595
01223080
01223100
01223122
01223124
01223125
01223126
01223168
01223169
01223170
01223171
01223172
01223173
01223174
01223175
01223176
01223177
01223178
01223179
01223180
01223181
01223182
01223183
01223184
01223185
01223186
01223187
01223188
01223189
01223190
01223191
01223192
01223193
01223194
01223195
01223203
01223229
01223230
01223231
01223850
01223851
01223852
01223853
01223854
01223855
01223856
01223857
01223858
01223859
01223860
01223861
01223862
01223863
01223864
01223865
01223866
01223867
01223868
01223869
01224552
01224553
01224554
01224555
01224556
01224557
01224558
01224559
01224560
01224561
01224562
01224563
01224564
01224565
01224566
01224567
01224568
01224569
01224570
01224571
01224718
01224748
01224754
01224755
01224756
01224757
01224813
01224814
01224815
01224816
01224817
01225208
01225216
01225257
01225258
01225259
01225260
01225261
01225262
01225263
01225264
01225265
01225266
01225267
01225268
01225269
01225270
01225271
01225272
01225273
01225274
01225275
01225276
01225277
01225278
01225279
01225280
01225322
01225324
01225325
01225326
01225327
01225328
01225386
01225387
01225393
01225398
01225399
01225400
01225401
01225402
01225403
01225404
01225405
01225406
01225445
01225446
01225447
01225448
01225449
01225450
01225451
01225452
01225453
01225454
01225455
01225456
01225462
01225463
01225464
01225465
01225466
01225482
01225483
01225484
01225485
01225488
01225494
01225495
01225496
01225497
01225511
01225512
01225513
01225514
01225515
01225516
01225563
01225600
01225635
01225869
01225870
01225873
01225936
01225937
01225938
01225939
01225940
01225941
01225942
01225943
01225944
01225945
01225946
01225947
01225948
01225949
01225950
01225951
01225952
01225953
01225954
01225955
01226118
01226162
01226523
01226529
01226560
01226561
01226563
01226564
01226565
01226566
01226567
01226568
01226569
01226570
01226571
01226572
01226573
01226574
01226575
01226576
01226577
01226578
01226579
01226580
01226581
01226582
01226606
01226607
01226608
01226627
01226640
01226641
01226642
01227187
01227222
01227241
01227242
01227243
01227244
01227245
01227246
01227247
01227248
01227249
01227250
01227251
01227252
01227253
01227254
01227255
01227256
01227257
01227258
01227259
01227260
01227261
01227262
01227263
01227264
01227273
01227274
01227318
01227881
01227896
01227906
01227907
01227908
01227913
01227927
01227937
01228619
01228620
01228621
01228622
01228623
01228624
01228625
01228626
01228627
01228628
01228629
01228630
01228631
01228632
01228633
01228634
01228635
01228636
01228637
01228638
01228639
01228640
01228641
01228642
01228643
01228644
01228645
01228646
01228647
01228648
01228649
01228650
01228651
01228652
01228653
01228654
01228655
01228656
01228657
01228658
01228659
01228660
01228661
01228662
01228663
01228664
01228665
01228666
01228667
01228668
01228669
01228670
01228671
01228672
01228673
01228674
01228675
01228676
01228677
01228678
01228679
01228680
01228681
01228682
01228683
01228684
01228685
01228686
01228687
01228688
01228689
01228690
01228691
01228692
01228693
01228694
01228695
01228696
01228697
01228698
01228699
01228700
01228701
01228702
01228703
01228704
01228705
01228706
01228707
01228708
01228709
01228710
01228711
01228712
01228713
01228714
01228715
01228716
01228717
01228718
01228719
01228726
01228727
01228728
01228730
01228750
01228751
01228752
01228753
01228754
01228758
01228759
01228761
01228766
01228784
01228799
01228800
01228848
01228934
01228935
01228976
01229638
01229639
01229640
01229641
01229642
01229643
01229644
01229645
01229646
01229647
01229648
01229650
01229651
01229682
01229683
01229684
01229685
01229686
01229687
01229688
01229689
01229690
01229691
01229692
01229693
01229694
01229695
01230339
01230340
01230341
01230342
01230343
01230344
01230345
01230346
01230347
01230348
01230349
01230350
01230351
01230352
01230353
01230354
01230355
01230356
01230357
01230358
01230359
01230360
01230361
01230362
01230363
01230364
01230365
01230366
01230367
01230368
01230369
01230370
01230371
01230372
01230373
01230374
01230375
01230376
01230377
01230378
01230379
01230380
01230381
01230382
01230383
01230384
01230385
01230386
01230387
01230388
01230389
01230390
01230391
01230392
01230393
01230394
01230395
01230396
01230397
01230398
01230399
01230400
01230401
01230402
01230403
01230404
01230405
01230406
01230407
01230408
01230409
01230410
01230411
01230412
01230413
01230414
01230415
01230416
01230417
01230418
01230419
01230420
01230421
01230422
01230423
01230424
01230425
01230426
01230427
01230428
01230429
01230430
01230431
01230432
01230433
01230434
01230544
01230545
01230546
01230547
01230548
01230549
01230557
01230559
01230576
01230577
01230578
01230579
01230588
01230589
01230591
01230592
01230593
01230594
01230595
01230596
01230597
01230600
01230601
01230602
01230603
01230605
01230606
01230625
01230626
01230627
01230628
01230629
01230630
01230631
01230632
01230633
01230634
01230635
01230637
01230638
01231193
01231197
01231198
01231201
01231223
01231240
01231241
01231242
01231245
01231262
01231296
01231297
01231329
01231330
01231899
01231900
01231901
01231902
01231903
01231904
01231905
01231906
01231913
01231914
01231915
01231916
01231917
01231918
01231936
01231937
01231938
01231939
01231940
01231941
01231943
01231944
01231945
01231946
01231955
01231956
01231957
01231958
01231962
01231963
01231964
01231965
01231966
01231985
01231986
01231987
01231988
01231989
01231990
01231993
01231994
01231995
01231996
01231997
01232008
01232009
01232010
01232011
01232013
01232016
01232017
01232018
01232019
01232038
01232039
01232040
01232041
01232042
01233013
01233015
01233051
01233052
01233053
01233146
01233915
01233916
01233917
01233918
01233919
01233920
01233921
01233922
01233923
01233924
01233925
01233926
01233950
01233951
01233952
01233953
01233954
01233955
01233956
01233957
01233958
01233959
01233960
01233961
01233967
01233968
01233969
01234001
01234002
01234003
01234008
01234022
01234052
01234499
01234500
01234539
01234540
01234541
01235067
01235072
01235075
01235077
01235276
01235277
01235278
01235279
01235280
01235281
01235282
01235283
01235284
01235285
01235286
01235287
01235288
01235289
01235290
01235291
01235292
01235293
01235294
01235295
01235296
01235297
01235298
01235299
01235300
01235301
01235302
01235303
01235304
01235305
01235306
01235307
01235308
01235309
01235310
01235311
01235312
01235313
01235314
01235315
01235316
01235317
01235318
01235319
01235320
01235321
01235322
01235323
01235324
01235325
01235326
01235327
01235328
01235329
01235330
01235331
01235332
01235333
01235334
01235335
01235336
01235337
01235338
01235339
01235340
01235341
01235342
01235343
01235344
01235345
01235346
01235347
01235348
01235349
01235350
01235351
01235352
01235353
01235354
01235355
01235356
01235357
01235358
01235359
01235360
01235361
01235362
01235363
01235364
01235365
01235366
01235367
01235368
01235369
01235370
01235371
